state	power	likelihood
25100	0.01024	-132.818
25200	0.01024	-131.45
25300	0.01024	-125.155
25400	0.01024	-131.511
25500	0.01024	-132.912
25600	0.01024	-132.994
25700	0.01024	-146.358
25800	0.01024	-141.001
25900	0.01024	-141.85
26000	0.01024	-135.7
26100	0.01024	-126.119
26200	0.01024	-128.947
26300	0.01024	-136.521
26400	0.01024	-143.642
26500	0.01024	-123.257
26600	0.01024	-152.455
26700	0.01024	-131.194
26800	0.01024	-138.157
26900	0.01024	-125.699
27000	0.01024	-138.704
27100	0.01024	-140.371
27200	0.01024	-140.272
27300	0.01024	-122.996
27400	0.01024	-133.973
27500	0.01024	-137.803
27600	0.01024	-136.477
27700	0.01024	-124.908
27800	0.01024	-132.099
27900	0.01024	-131.134
28000	0.01024	-195.993
28100	0.01024	-138.579
28200	0.01024	-152.764
28300	0.01024	-120.586
28400	0.01024	-131.391
28500	0.01024	-126.248
28600	0.01024	-165.621
28700	0.01024	-141.992
28800	0.01024	-172.408
28900	0.01024	-139.026
29000	0.01024	-121.855
29100	0.01024	-129.954
29200	0.01024	-155.853
29300	0.01024	-128.858
29400	0.01024	-142.459
29500	0.01024	-120.626
29600	0.01024	-151.906
29700	0.01024	-130.958
29800	0.01024	-144.389
29900	0.01024	-145.553
30000	0.01024	-154.334
30100	0.01024	-113.651
30200	0.01024	-168.823
30300	0.01024	-127.775
30400	0.01024	-150.47
30500	0.01024	-137.635
30600	0.01024	-124.958
30700	0.01024	-127.293
30800	0.01024	-124.374
30900	0.01024	-133.193
31000	0.01024	-132.658
31100	0.01024	-177.101
31200	0.01024	-135.038
31300	0.01024	-114.978
31400	0.01024	-127.767
31500	0.01024	-131.383
31600	0.01024	-131.509
31700	0.01024	-144.85
31800	0.01024	-135.313
31900	0.01024	-110.673
32000	0.01024	-145.39
32100	0.01024	-108.104
32200	0.01024	-134.875
32300	0.01024	-160.008
32400	0.01024	-128.155
32500	0.01024	-140.02
32600	0.01024	-138.571
32700	0.01024	-132.874
32800	0.01024	-137.389
32900	0.01024	-151.638
33000	0.01024	-136.742
33100	0.01024	-132.854
33200	0.01024	-141.502
33300	0.01024	-145.38
33400	0.01024	-137.648
33500	0.01024	-130.519
33600	0.01024	-164.678
33700	0.01024	-118.373
33800	0.01024	-129.998
33900	0.01024	-114.359
34000	0.01024	-150.497
34100	0.01024	-140.176
34200	0.01024	-148.801
34300	0.01024	-147.909
34400	0.01024	-129.958
34500	0.01024	-160.221
34600	0.01024	-151.481
34700	0.01024	-159.704
34800	0.01024	-163.4
34900	0.01024	-124.485
35000	0.01024	-123.955
35100	0.01024	-126.641
35200	0.01024	-139.168
35300	0.01024	-149.881
35400	0.01024	-133.471
35500	0.01024	-140.47
35600	0.01024	-154.817
35700	0.01024	-142.865
35800	0.01024	-163.061
35900	0.01024	-135.301
36000	0.01024	-148.723
36100	0.01024	-151.893
36200	0.01024	-145.391
36300	0.01024	-142.881
36400	0.01024	-131.28
36500	0.01024	-143.198
36600	0.01024	-122.197
36700	0.01024	-163.192
36800	0.01024	-124.875
36900	0.01024	-123.256
37000	0.01024	-129.335
37100	0.01024	-148.56
37200	0.01024	-129.76
37300	0.01024	-128.719
37400	0.01024	-142.957
37500	0.01024	-165.058
37600	0.01024	-126.092
37700	0.01024	-125.546
37800	0.01024	-164.338
37900	0.01024	-145.902
38000	0.01024	-151.995
38100	0.01024	-132.118
38200	0.01024	-107.504
38300	0.01024	-156.259
38400	0.01024	-150.002
38500	0.01024	-126.134
38600	0.01024	-134.683
38700	0.01024	-136.069
38800	0.01024	-130.262
38900	0.01024	-164.877
39000	0.01024	-123.954
39100	0.01024	-139.295
39200	0.01024	-137.253
39300	0.01024	-130.359
39400	0.01024	-122.177
39500	0.01024	-121.368
39600	0.01024	-130.242
39700	0.01024	-157.312
39800	0.01024	-140.378
39900	0.01024	-123.475
40000	0.01024	-148.929
40100	0.01024	-177.676
40200	0.01024	-142.58
40300	0.01024	-120.431
40400	0.01024	-113.984
40500	0.01024	-149.354
40600	0.01024	-131.075
40700	0.01024	-137.667
40800	0.01024	-145.658
40900	0.01024	-155.866
41000	0.01024	-158.949
41100	0.01024	-144.708
41200	0.01024	-145.854
41300	0.01024	-145.58
41400	0.01024	-136.946
41500	0.01024	-131.307
41600	0.01024	-178.82
41700	0.01024	-153.595
41800	0.01024	-137.123
41900	0.01024	-136.73
42000	0.01024	-142.863
42100	0.01024	-125.791
42200	0.01024	-127.527
42300	0.01024	-166.39
42400	0.01024	-140.681
42500	0.01024	-139.165
42600	0.01024	-155.451
42700	0.01024	-152.047
42800	0.01024	-148.225
42900	0.01024	-119.6
43000	0.01024	-162.934
43100	0.01024	-114.72
43200	0.01024	-142.748
43300	0.01024	-116.397
43400	0.01024	-151.553
43500	0.01024	-141.735
43600	0.01024	-124.929
43700	0.01024	-149.702
43800	0.01024	-119.642
43900	0.01024	-155.53
44000	0.01024	-119.483
44100	0.01024	-144.698
44200	0.01024	-155.242
44300	0.01024	-124.078
44400	0.01024	-123.332
44500	0.01024	-116.428
44600	0.01024	-136.612
44700	0.01024	-129.798
44800	0.01024	-156.151
44900	0.01024	-125.96
45000	0.01024	-120.094
45100	0.01024	-124.828
45200	0.01024	-131.563
45300	0.01024	-123.43
45400	0.01024	-137.011
45500	0.01024	-120.728
45600	0.01024	-143.191
45700	0.01024	-147.718
45800	0.01024	-135.457
45900	0.01024	-159.695
46000	0.01024	-152.861
46100	0.01024	-187.442
46200	0.01024	-148.787
46300	0.01024	-127.196
46400	0.01024	-164.697
46500	0.01024	-140.678
46600	0.01024	-148.428
46700	0.01024	-138.218
46800	0.01024	-143.383
46900	0.01024	-123.018
47000	0.01024	-146.079
47100	0.01024	-125.242
47200	0.01024	-164.908
47300	0.01024	-153.354
47400	0.01024	-181.759
47500	0.01024	-152.145
47600	0.01024	-156.97
47700	0.01024	-113.165
47800	0.01024	-164.642
47900	0.01024	-139.213
48000	0.01024	-141.915
48100	0.01024	-136.461
48200	0.01024	-132.158
48300	0.01024	-133.885
48400	0.01024	-108.579
48500	0.01024	-141.57
48600	0.01024	-151.566
48700	0.01024	-131.879
48800	0.01024	-154.809
48900	0.01024	-129.67
49000	0.01024	-154.015
49100	0.01024	-137.204
49200	0.01024	-145.099
49300	0.01024	-127.924
49400	0.01024	-121.625
49500	0.01024	-170.072
49600	0.01024	-139.647
49700	0.01024	-140.38
49800	0.01024	-148.815
49900	0.01024	-146.943
50000	0.01024	-139.619
50100	0.01024	-150.565
50200	0.01024	-157.715
50300	0.01024	-126.907
50400	0.01024	-150.987
50500	0.01024	-136.911
50600	0.01024	-149.62
50700	0.01024	-151.924
50800	0.01024	-119.347
50900	0.01024	-172.788
51000	0.01024	-151.482
51100	0.01024	-131.586
51200	0.01024	-125.07
51300	0.01024	-135.775
51400	0.01024	-136.771
51500	0.01024	-176.582
51600	0.01024	-173.585
51700	0.01024	-127.426
51800	0.01024	-160.629
51900	0.01024	-128.433
52000	0.01024	-178.074
52100	0.01024	-121.641
52200	0.01024	-150.325
52300	0.01024	-141.271
52400	0.01024	-138.528
52500	0.01024	-128.423
52600	0.01024	-122.12
52700	0.01024	-103.121
52800	0.01024	-145.649
52900	0.01024	-125.096
53000	0.01024	-124.89
53100	0.01024	-110.863
53200	0.01024	-130.451
53300	0.01024	-149.142
53400	0.01024	-135.844
53500	0.01024	-140.226
53600	0.01024	-183.432
53700	0.01024	-129.187
53800	0.01024	-116.49
53900	0.01024	-142.257
54000	0.01024	-159.013
54100	0.01024	-131.149
54200	0.01024	-140.806
54300	0.01024	-134.737
54400	0.01024	-139.389
54500	0.01024	-129.393
54600	0.01024	-152.04
54700	0.01024	-116.008
54800	0.01024	-173.273
54900	0.01024	-155.647
55000	0.01024	-131.75
55100	0.01024	-158.174
55200	0.01024	-145.615
55300	0.01024	-128.72
55400	0.01024	-125.08
55500	0.01024	-149.793
55600	0.01024	-129.657
55700	0.01024	-126.592
55800	0.01024	-148.657
55900	0.01024	-155.969
56000	0.01024	-118.899
56100	0.01024	-115.089
56200	0.01024	-144.305
56300	0.01024	-157.293
56400	0.01024	-143.686
56500	0.01024	-116.489
56600	0.01024	-161.042
56700	0.01024	-162.43
56800	0.01024	-142.911
56900	0.01024	-139.565
57000	0.01024	-110.642
57100	0.01024	-127.715
57200	0.01024	-123.123
57300	0.01024	-149.703
57400	0.01024	-137.624
57500	0.01024	-155.456
57600	0.01024	-147.017
57700	0.01024	-130.586
57800	0.01024	-141.635
57900	0.01024	-157.181
58000	0.01024	-133.579
58100	0.01024	-138.092
58200	0.01024	-135.67
58300	0.01024	-147.459
58400	0.01024	-164.23
58500	0.01024	-158.464
58600	0.01024	-134.82
58700	0.01024	-149.303
58800	0.01024	-127.93
58900	0.01024	-154.8
59000	0.01024	-146.208
59100	0.01024	-116.604
59200	0.01024	-125.281
59300	0.01024	-151.928
59400	0.01024	-128.536
59500	0.01024	-144.818
59600	0.01024	-116.618
59700	0.01024	-173.896
59800	0.01024	-144.259
59900	0.01024	-161.757
60000	0.01024	-147.378
60100	0.01024	-129.877
60200	0.01024	-155.449
60300	0.01024	-137.87
60400	0.01024	-149.177
60500	0.01024	-125.959
60600	0.01024	-134.52
60700	0.01024	-169.825
60800	0.01024	-143.307
60900	0.01024	-172.824
61000	0.01024	-155.321
61100	0.01024	-121.97
61200	0.01024	-139.47
61300	0.01024	-130.473
61400	0.01024	-133.023
61500	0.01024	-157.454
61600	0.01024	-107.967
61700	0.01024	-139.69
61800	0.01024	-155.38
61900	0.01024	-117.379
62000	0.01024	-122.769
62100	0.01024	-178.252
62200	0.01024	-138.688
62300	0.01024	-113.037
62400	0.01024	-144.694
62500	0.01024	-120.628
62600	0.01024	-130.714
62700	0.01024	-147.681
62800	0.01024	-149.609
62900	0.01024	-165.56
63000	0.01024	-157.923
63100	0.01024	-150.983
63200	0.01024	-127.187
63300	0.01024	-112.468
63400	0.01024	-131.295
63500	0.01024	-135.171
63600	0.01024	-121.596
63700	0.01024	-135.427
63800	0.01024	-143.304
63900	0.01024	-167.332
64000	0.01024	-124.697
64100	0.01024	-152.124
64200	0.01024	-138.865
64300	0.01024	-153.647
64400	0.01024	-121.901
64500	0.01024	-139.381
64600	0.01024	-132.956
64700	0.01024	-150.295
64800	0.01024	-119.524
64900	0.01024	-138.188
65000	0.01024	-136.669
65100	0.01024	-161.223
65200	0.01024	-112.214
65300	0.01024	-143.252
65400	0.01024	-136.336
65500	0.01024	-133.712
65600	0.01024	-129.179
65700	0.01024	-140.433
65800	0.01024	-137.487
65900	0.01024	-146.897
66000	0.01024	-135.552
66100	0.01024	-128
66200	0.01024	-172.028
66300	0.01024	-136.556
66400	0.01024	-138.836
66500	0.01024	-150.731
66600	0.01024	-146.34
66700	0.01024	-132.574
66800	0.01024	-134.875
66900	0.01024	-145.603
67000	0.01024	-132.485
67100	0.01024	-140.547
67200	0.01024	-124.836
67300	0.01024	-152.06
67400	0.01024	-165.379
67500	0.01024	-135.432
67600	0.01024	-132.472
67700	0.01024	-129.406
67800	0.01024	-117.149
67900	0.01024	-169.08
68000	0.01024	-147.57
68100	0.01024	-136.12
68200	0.01024	-162.081
68300	0.01024	-134.033
68400	0.01024	-160.544
68500	0.01024	-123.752
68600	0.01024	-142.791
68700	0.01024	-141.272
68800	0.01024	-138.304
68900	0.01024	-120.045
69000	0.01024	-138.848
69100	0.01024	-156.027
69200	0.01024	-127.34
69300	0.01024	-157.704
69400	0.01024	-145.277
69500	0.01024	-135.361
69600	0.01024	-143.756
69700	0.01024	-128.499
69800	0.01024	-147.507
69900	0.01024	-147.037
70000	0.01024	-124.899
70100	0.01024	-149.565
70200	0.01024	-157.301
70300	0.01024	-151.245
70400	0.01024	-209.258
70500	0.01024	-142.687
70600	0.01024	-127.85
70700	0.01024	-122.386
70800	0.01024	-139.699
70900	0.01024	-119.98
71000	0.01024	-170.56
71100	0.01024	-148.449
71200	0.01024	-139.367
71300	0.01024	-130.162
71400	0.01024	-130.952
71500	0.01024	-148.756
71600	0.01024	-120.625
71700	0.01024	-131.258
71800	0.01024	-128.326
71900	0.01024	-163.771
72000	0.01024	-123.127
72100	0.01024	-132.257
72200	0.01024	-124.962
72300	0.01024	-128.894
72400	0.01024	-141.575
72500	0.01024	-150.351
72600	0.01024	-127.702
72700	0.01024	-183.988
72800	0.01024	-129.259
72900	0.01024	-143.291
73000	0.01024	-130.081
73100	0.01024	-130.947
73200	0.01024	-152.324
73300	0.01024	-130.574
73400	0.01024	-138.628
73500	0.01024	-137.814
73600	0.01024	-145.97
73700	0.01024	-144.007
73800	0.01024	-113.461
73900	0.01024	-116.18
74000	0.01024	-154.273
74100	0.01024	-129.156
74200	0.01024	-159.501
74300	0.01024	-136.946
74400	0.01024	-141.213
74500	0.01024	-125.866
74600	0.01024	-108.582
74700	0.01024	-143.866
74800	0.01024	-137.554
74900	0.01024	-127.232
75000	0.01024	-145.602
75100	0.01024	-146.042
75200	0.01024	-138.202
75300	0.01024	-147.337
75400	0.01024	-145.396
75500	0.01024	-145.29
75600	0.01024	-142.175
75700	0.01024	-149.5
75800	0.01024	-140.222
75900	0.01024	-141.528
76000	0.01024	-142.754
76100	0.01024	-123.992
76200	0.01024	-131.387
76300	0.01024	-116.458
76400	0.01024	-162.807
76500	0.01024	-140.031
76600	0.01024	-125.341
76700	0.01024	-134.969
76800	0.01024	-155.375
76900	0.01024	-129.411
77000	0.01024	-120.489
77100	0.01024	-137.79
77200	0.01024	-131.537
77300	0.01024	-121.626
77400	0.01024	-138.216
77500	0.01024	-145.705
77600	0.01024	-115.987
77700	0.01024	-139.687
77800	0.01024	-116.319
77900	0.01024	-158.137
78000	0.01024	-123.626
78100	0.01024	-133.469
78200	0.01024	-125.864
78300	0.01024	-153.102
78400	0.01024	-155.484
78500	0.01024	-131.091
78600	0.01024	-122.742
78700	0.01024	-153.226
78800	0.01024	-156.719
78900	0.01024	-130.852
79000	0.01024	-138.043
79100	0.01024	-132.535
79200	0.01024	-166.127
79300	0.01024	-155.283
79400	0.01024	-144.539
79500	0.01024	-159.334
79600	0.01024	-122.341
79700	0.01024	-154.468
79800	0.01024	-163.943
79900	0.01024	-153.313
80000	0.01024	-138.653
80100	0.01024	-141.075
80200	0.01024	-145.995
80300	0.01024	-160.376
80400	0.01024	-131.233
80500	0.01024	-128.198
80600	0.01024	-123.44
80700	0.01024	-125.476
80800	0.01024	-126.936
80900	0.01024	-159.274
81000	0.01024	-149.191
81100	0.01024	-131.983
81200	0.01024	-166.472
81300	0.01024	-126.922
81400	0.01024	-115.324
81500	0.01024	-135.649
81600	0.01024	-131.193
81700	0.01024	-144.008
81800	0.01024	-143.018
81900	0.01024	-142.173
82000	0.01024	-143.429
82100	0.01024	-127.082
82200	0.01024	-123.779
82300	0.01024	-134.926
82400	0.01024	-170.987
82500	0.01024	-159.736
82600	0.01024	-139.07
82700	0.01024	-144.461
82800	0.01024	-127.448
82900	0.01024	-168.52
83000	0.01024	-133.79
83100	0.01024	-146.851
83200	0.01024	-144.285
83300	0.01024	-169.26
83400	0.01024	-122.713
83500	0.01024	-131.603
83600	0.01024	-143.724
83700	0.01024	-131.122
83800	0.01024	-153.009
83900	0.01024	-138.479
84000	0.01024	-120.655
84100	0.01024	-120.132
84200	0.01024	-146.258
84300	0.01024	-123.485
84400	0.01024	-150.366
84500	0.01024	-160.301
84600	0.01024	-141.22
84700	0.01024	-119.307
84800	0.01024	-152.024
84900	0.01024	-170.789
85000	0.01024	-145.534
85100	0.01024	-131.22
85200	0.01024	-177.377
85300	0.01024	-130.053
85400	0.01024	-124.738
85500	0.01024	-172.935
85600	0.01024	-118.603
85700	0.01024	-128.82
85800	0.01024	-143.28
85900	0.01024	-141.565
86000	0.01024	-119.885
86100	0.01024	-118.408
86200	0.01024	-140.063
86300	0.01024	-131.086
86400	0.01024	-131.208
86500	0.01024	-124.456
86600	0.01024	-130.062
86700	0.01024	-141.406
86800	0.01024	-139.36
86900	0.01024	-146.265
87000	0.01024	-143.865
87100	0.01024	-149.116
87200	0.01024	-116.969
87300	0.01024	-133.709
87400	0.01024	-152.452
87500	0.01024	-155.228
87600	0.01024	-134.154
87700	0.01024	-158.054
87800	0.01024	-148.536
87900	0.01024	-120.676
88000	0.01024	-127.593
88100	0.01024	-155.265
88200	0.01024	-126.254
88300	0.01024	-141.945
88400	0.01024	-136.876
88500	0.01024	-141.175
88600	0.01024	-146.463
88700	0.01024	-165.144
88800	0.01024	-117.162
88900	0.01024	-120.451
89000	0.01024	-141.647
89100	0.01024	-113.014
89200	0.01024	-137.326
89300	0.01024	-137.581
89400	0.01024	-147.232
89500	0.01024	-173.365
89600	0.01024	-129.369
89700	0.01024	-150.969
89800	0.01024	-137.508
89900	0.01024	-142.07
90000	0.01024	-146.965
90100	0.01024	-122.807
90200	0.01024	-167.792
90300	0.01024	-143.438
90400	0.01024	-129.49
90500	0.01024	-129.269
90600	0.01024	-146.546
90700	0.01024	-129.731
90800	0.01024	-137.617
90900	0.01024	-133.786
91000	0.01024	-127.304
91100	0.01024	-131.385
91200	0.01024	-121.908
91300	0.01024	-143.992
91400	0.01024	-157.974
91500	0.01024	-134.42
91600	0.01024	-145.95
91700	0.01024	-134.772
91800	0.01024	-146.281
91900	0.01024	-125.811
92000	0.01024	-117.456
92100	0.01024	-155.742
92200	0.01024	-153.287
92300	0.01024	-138.604
92400	0.01024	-125.585
92500	0.01024	-130.946
92600	0.01024	-143.782
92700	0.01024	-145.988
92800	0.01024	-150.89
92900	0.01024	-109.693
93000	0.01024	-108.001
93100	0.01024	-156.51
93200	0.01024	-133.713
93300	0.01024	-133.566
93400	0.01024	-155.2
93500	0.01024	-122.454
93600	0.01024	-141.02
93700	0.01024	-127.473
93800	0.01024	-165.869
93900	0.01024	-152.791
94000	0.01024	-143.084
94100	0.01024	-130.872
94200	0.01024	-143.136
94300	0.01024	-119.281
94400	0.01024	-130.228
94500	0.01024	-128.949
94600	0.01024	-142.768
94700	0.01024	-125.921
94800	0.01024	-130.16
94900	0.01024	-142.206
95000	0.01024	-139.932
95100	0.01024	-135.147
95200	0.01024	-157.838
95300	0.01024	-137.669
95400	0.01024	-147.884
95500	0.01024	-150.036
95600	0.01024	-126.821
95700	0.01024	-137.577
95800	0.01024	-127.917
95900	0.01024	-155.306
96000	0.01024	-130.977
96100	0.01024	-119.151
96200	0.01024	-130.512
96300	0.01024	-153.012
96400	0.01024	-121.956
96500	0.01024	-144.969
96600	0.01024	-137.479
96700	0.01024	-132.049
96800	0.01024	-123.847
96900	0.01024	-132.753
97000	0.01024	-138.069
97100	0.01024	-158.936
97200	0.01024	-129.804
97300	0.01024	-126.136
97400	0.01024	-131.556
97500	0.01024	-152.135
97600	0.01024	-151.918
97700	0.01024	-124.245
97800	0.01024	-142.242
97900	0.01024	-140.036
98000	0.01024	-204.803
98100	0.01024	-128.558
98200	0.01024	-137.863
98300	0.01024	-121.857
98400	0.01024	-135.481
98500	0.01024	-150.175
98600	0.01024	-124.382
98700	0.01024	-138.751
98800	0.01024	-169.603
98900	0.01024	-133.54
99000	0.01024	-115.72
99100	0.01024	-165.395
99200	0.01024	-130.089
99300	0.01024	-177.204
99400	0.01024	-130.115
99500	0.01024	-117.53
99600	0.01024	-131.079
99700	0.01024	-123.385
99800	0.01024	-185.346
99900	0.01024	-174.555
100000	0.01024	-122.082
