state	power	likelihood
25100	1.16658e-302	-159.813
25200	1.16658e-302	-170.325
25300	1.16658e-302	-143.324
25400	1.16658e-302	-145.539
25500	1.16658e-302	-145.515
25600	1.16658e-302	-179.636
25700	1.16658e-302	-143.119
25800	1.16658e-302	-126.193
25900	1.16658e-302	-180.071
26000	1.16658e-302	-130.646
26100	1.16658e-302	-142.024
26200	1.16658e-302	-128.409
26300	1.16658e-302	-161.529
26400	1.16658e-302	-126.984
26500	1.16658e-302	-111.941
26600	1.16658e-302	-138.043
26700	1.16658e-302	-153.681
26800	1.16658e-302	-130.537
26900	1.16658e-302	-155.574
27000	1.16658e-302	-139.246
27100	1.16658e-302	-145.157
27200	1.16658e-302	-124.606
27300	1.16658e-302	-154.032
27400	1.16658e-302	-179.423
27500	1.16658e-302	-145.436
27600	1.16658e-302	-124.028
27700	1.16658e-302	-122.189
27800	1.16658e-302	-155.972
27900	1.16658e-302	-132.607
28000	1.16658e-302	-132.406
28100	1.16658e-302	-115.336
28200	1.16658e-302	-143.553
28300	1.16658e-302	-138.683
28400	1.16658e-302	-167.349
28500	1.16658e-302	-136.231
28600	1.16658e-302	-130.049
28700	1.16658e-302	-179.05
28800	1.16658e-302	-125.609
28900	1.16658e-302	-172.39
29000	1.16658e-302	-146.895
29100	1.16658e-302	-136.223
29200	1.16658e-302	-134.751
29300	1.16658e-302	-150.441
29400	1.16658e-302	-160.315
29500	1.16658e-302	-153.03
29600	1.16658e-302	-142.695
29700	1.16658e-302	-153.789
29800	1.16658e-302	-149.019
29900	1.16658e-302	-150.249
30000	1.16658e-302	-127.017
30100	1.16658e-302	-129.409
30200	1.16658e-302	-149.455
30300	1.16658e-302	-134.004
30400	1.16658e-302	-136.269
30500	1.16658e-302	-148.075
30600	1.16658e-302	-139.103
30700	1.16658e-302	-142.301
30800	1.16658e-302	-133.005
30900	1.16658e-302	-123.936
31000	1.16658e-302	-135.006
31100	1.16658e-302	-133.454
31200	1.16658e-302	-135.622
31300	1.16658e-302	-133.855
31400	1.16658e-302	-151.04
31500	1.16658e-302	-146.611
31600	1.16658e-302	-170.609
31700	1.16658e-302	-143.909
31800	1.16658e-302	-140.971
31900	1.16658e-302	-120.092
32000	1.16658e-302	-139.241
32100	1.16658e-302	-140.158
32200	1.16658e-302	-154.832
32300	1.16658e-302	-136.869
32400	1.16658e-302	-150.809
32500	1.16658e-302	-156.079
32600	1.16658e-302	-122.175
32700	1.16658e-302	-127.375
32800	1.16658e-302	-125.662
32900	1.16658e-302	-129.578
33000	1.16658e-302	-142.821
33100	1.16658e-302	-152.034
33200	1.16658e-302	-137.397
33300	1.16658e-302	-146.953
33400	1.16658e-302	-124.218
33500	1.16658e-302	-135.777
33600	1.16658e-302	-149.767
33700	1.16658e-302	-149.112
33800	1.16658e-302	-157.578
33900	1.16658e-302	-130.046
34000	1.16658e-302	-144.173
34100	1.16658e-302	-165.576
34200	1.16658e-302	-158.964
34300	1.16658e-302	-167.862
34400	1.16658e-302	-146.623
34500	1.16658e-302	-148.268
34600	1.16658e-302	-102.086
34700	1.16658e-302	-131.933
34800	1.16658e-302	-145.276
34900	1.16658e-302	-126.036
35000	1.16658e-302	-143.975
35100	1.16658e-302	-174.238
35200	1.16658e-302	-141.838
35300	1.16658e-302	-125.881
35400	1.16658e-302	-132.83
35500	1.16658e-302	-149.561
35600	1.16658e-302	-138.593
35700	1.16658e-302	-117.13
35800	1.16658e-302	-148.892
35900	1.16658e-302	-131.912
36000	1.16658e-302	-136.451
36100	1.16658e-302	-141.215
36200	1.16658e-302	-122.133
36300	1.16658e-302	-198.482
36400	1.16658e-302	-139.638
36500	1.16658e-302	-134.715
36600	1.16658e-302	-145.865
36700	1.16658e-302	-190.753
36800	1.16658e-302	-158.78
36900	1.16658e-302	-148.129
37000	1.16658e-302	-145.532
37100	1.16658e-302	-142.654
37200	1.16658e-302	-138.71
37300	1.16658e-302	-148.879
37400	1.16658e-302	-122.369
37500	1.16658e-302	-134.275
37600	1.16658e-302	-148.467
37700	1.16658e-302	-126.258
37800	1.16658e-302	-145.372
37900	1.16658e-302	-157.92
38000	1.16658e-302	-136.516
38100	1.16658e-302	-113.276
38200	1.16658e-302	-163.329
38300	1.16658e-302	-160.437
38400	1.16658e-302	-121.705
38500	1.16658e-302	-144.553
38600	1.16658e-302	-141.569
38700	1.16658e-302	-136.384
38800	1.16658e-302	-121.749
38900	1.16658e-302	-144.956
39000	1.16658e-302	-128.503
39100	1.16658e-302	-131.698
39200	1.16658e-302	-131.734
39300	1.16658e-302	-155.509
39400	1.16658e-302	-138.083
39500	1.16658e-302	-127.375
39600	1.16658e-302	-161.132
39700	1.16658e-302	-164.762
39800	1.16658e-302	-152.391
39900	1.16658e-302	-166.758
40000	1.16658e-302	-135.516
40100	1.16658e-302	-147.791
40200	1.16658e-302	-142.308
40300	1.16658e-302	-126.883
40400	1.16658e-302	-133.95
40500	1.16658e-302	-136.499
40600	1.16658e-302	-135.162
40700	1.16658e-302	-147.075
40800	1.16658e-302	-146.508
40900	1.16658e-302	-162.136
41000	1.16658e-302	-135.457
41100	1.16658e-302	-153.537
41200	1.16658e-302	-135.998
41300	1.16658e-302	-140.1
41400	1.16658e-302	-131.151
41500	1.16658e-302	-133.744
41600	1.16658e-302	-145.464
41700	1.16658e-302	-144.866
41800	1.16658e-302	-146.284
41900	1.16658e-302	-131.038
42000	1.16658e-302	-155.009
42100	1.16658e-302	-168.375
42200	1.16658e-302	-123.662
42300	1.16658e-302	-121.183
42400	1.16658e-302	-135.024
42500	1.16658e-302	-134.492
42600	1.16658e-302	-120.046
42700	1.16658e-302	-126.486
42800	1.16658e-302	-139.901
42900	1.16658e-302	-124.941
43000	1.16658e-302	-133.448
43100	1.16658e-302	-117.638
43200	1.16658e-302	-128.563
43300	1.16658e-302	-144.633
43400	1.16658e-302	-128.416
43500	1.16658e-302	-152.721
43600	1.16658e-302	-168.927
43700	1.16658e-302	-130.623
43800	1.16658e-302	-135.202
43900	1.16658e-302	-133.238
44000	1.16658e-302	-151.488
44100	1.16658e-302	-155.771
44200	1.16658e-302	-156.821
44300	1.16658e-302	-168.34
44400	1.16658e-302	-135.638
44500	1.16658e-302	-133.83
44600	1.16658e-302	-141.816
44700	1.16658e-302	-129.852
44800	1.16658e-302	-147.316
44900	1.16658e-302	-145.961
45000	1.16658e-302	-158.288
45100	1.16658e-302	-137.739
45200	1.16658e-302	-184.88
45300	1.16658e-302	-140.109
45400	1.16658e-302	-149.536
45500	1.16658e-302	-153.444
45600	1.16658e-302	-140.061
45700	1.16658e-302	-117.452
45800	1.16658e-302	-155.644
45900	1.16658e-302	-172.919
46000	1.16658e-302	-131.499
46100	1.16658e-302	-155.453
46200	1.16658e-302	-160.387
46300	1.16658e-302	-131.209
46400	1.16658e-302	-177.963
46500	1.16658e-302	-124.453
46600	1.16658e-302	-167.322
46700	1.16658e-302	-145.997
46800	1.16658e-302	-153.003
46900	1.16658e-302	-135.962
47000	1.16658e-302	-145.787
47100	1.16658e-302	-104.462
47200	1.16658e-302	-141.724
47300	1.16658e-302	-143.103
47400	1.16658e-302	-127.09
47500	1.16658e-302	-158.182
47600	1.16658e-302	-165.801
47700	1.16658e-302	-177.456
47800	1.16658e-302	-118.852
47900	1.16658e-302	-129.46
48000	1.16658e-302	-120.688
48100	1.16658e-302	-160.264
48200	1.16658e-302	-127.57
48300	1.16658e-302	-156.062
48400	1.16658e-302	-152.815
48500	1.16658e-302	-143.498
48600	1.16658e-302	-128.393
48700	1.16658e-302	-155.104
48800	1.16658e-302	-127.734
48900	1.16658e-302	-143.922
49000	1.16658e-302	-161.698
49100	1.16658e-302	-121.816
49200	1.16658e-302	-145.285
49300	1.16658e-302	-184.744
49400	1.16658e-302	-165.585
49500	1.16658e-302	-135.49
49600	1.16658e-302	-136.558
49700	1.16658e-302	-135.268
49800	1.16658e-302	-137.441
49900	1.16658e-302	-122.953
50000	1.16658e-302	-129.053
50100	1.16658e-302	-160.846
50200	1.16658e-302	-138.01
50300	1.16658e-302	-149.371
50400	1.16658e-302	-144.133
50500	1.16658e-302	-129.343
50600	1.16658e-302	-160.731
50700	1.16658e-302	-152.515
50800	1.16658e-302	-122.067
50900	1.16658e-302	-143.084
51000	1.16658e-302	-123.633
51100	1.16658e-302	-137.609
51200	1.16658e-302	-152.407
51300	1.16658e-302	-148.415
51400	1.16658e-302	-153.077
51500	1.16658e-302	-119.075
51600	1.16658e-302	-150.995
51700	1.16658e-302	-124.241
51800	1.16658e-302	-176.321
51900	1.16658e-302	-157.381
52000	1.16658e-302	-144.049
52100	1.16658e-302	-148.296
52200	1.16658e-302	-140.627
52300	1.16658e-302	-135.138
52400	1.16658e-302	-159.078
52500	1.16658e-302	-146.218
52600	1.16658e-302	-124.589
52700	1.16658e-302	-124.322
52800	1.16658e-302	-147.23
52900	1.16658e-302	-152.113
53000	1.16658e-302	-138.325
53100	1.16658e-302	-128.276
53200	1.16658e-302	-157.627
53300	1.16658e-302	-128.763
53400	1.16658e-302	-140.604
53500	1.16658e-302	-129.214
53600	1.16658e-302	-128.491
53700	1.16658e-302	-137.508
53800	1.16658e-302	-157.709
53900	1.16658e-302	-159.364
54000	1.16658e-302	-133.122
54100	1.16658e-302	-137.554
54200	1.16658e-302	-127.326
54300	1.16658e-302	-179.454
54400	1.16658e-302	-126.201
54500	1.16658e-302	-135.516
54600	1.16658e-302	-129.484
54700	1.16658e-302	-109.206
54800	1.16658e-302	-122.22
54900	1.16658e-302	-119.608
55000	1.16658e-302	-155.039
55100	1.16658e-302	-137.704
55200	1.16658e-302	-156.081
55300	1.16658e-302	-158.118
55400	1.16658e-302	-165.844
55500	1.16658e-302	-142.806
55600	1.16658e-302	-132.029
55700	1.16658e-302	-172.399
55800	1.16658e-302	-125.286
55900	1.16658e-302	-158.966
56000	1.16658e-302	-137.73
56100	1.16658e-302	-167.521
56200	1.16658e-302	-139.051
56300	1.16658e-302	-129.684
56400	1.16658e-302	-130.866
56500	1.16658e-302	-126.022
56600	1.16658e-302	-147.947
56700	1.16658e-302	-129.197
56800	1.16658e-302	-121.274
56900	1.16658e-302	-137.068
57000	1.16658e-302	-133.371
57100	1.16658e-302	-153.414
57200	1.16658e-302	-141.648
57300	1.16658e-302	-144.552
57400	1.16658e-302	-119.819
57500	1.16658e-302	-130.301
57600	1.16658e-302	-162.841
57700	1.16658e-302	-161.97
57800	1.16658e-302	-123.071
57900	1.16658e-302	-149.458
58000	1.16658e-302	-146.967
58100	1.16658e-302	-135.367
58200	1.16658e-302	-151.551
58300	1.16658e-302	-159.131
58400	1.16658e-302	-147.929
58500	1.16658e-302	-155.917
58600	1.16658e-302	-161.321
58700	1.16658e-302	-144.888
58800	1.16658e-302	-148.603
58900	1.16658e-302	-138.931
59000	1.16658e-302	-126.603
59100	1.16658e-302	-150.059
59200	1.16658e-302	-136.071
59300	1.16658e-302	-118.473
59400	1.16658e-302	-155.873
59500	1.16658e-302	-138.158
59600	1.16658e-302	-138.087
59700	1.16658e-302	-152.399
59800	1.16658e-302	-160.333
59900	1.16658e-302	-157.877
60000	1.16658e-302	-122.585
60100	1.16658e-302	-155.774
60200	1.16658e-302	-136.265
60300	1.16658e-302	-162.301
60400	1.16658e-302	-143.09
60500	1.16658e-302	-122.39
60600	1.16658e-302	-117.183
60700	1.16658e-302	-164.871
60800	1.16658e-302	-139.856
60900	1.16658e-302	-124.484
61000	1.16658e-302	-171.463
61100	1.16658e-302	-130.21
61200	1.16658e-302	-138.677
61300	1.16658e-302	-156.847
61400	1.16658e-302	-184.975
61500	1.16658e-302	-128.657
61600	1.16658e-302	-138.759
61700	1.16658e-302	-132.559
61800	1.16658e-302	-145.948
61900	1.16658e-302	-132.238
62000	1.16658e-302	-117.536
62100	1.16658e-302	-146.008
62200	1.16658e-302	-132.011
62300	1.16658e-302	-141.469
62400	1.16658e-302	-136.519
62500	1.16658e-302	-134.956
62600	1.16658e-302	-144.069
62700	1.16658e-302	-116.856
62800	1.16658e-302	-138.249
62900	1.16658e-302	-148.413
63000	1.16658e-302	-149.63
63100	1.16658e-302	-140.774
63200	1.16658e-302	-131.262
63300	1.16658e-302	-139.037
63400	1.16658e-302	-184.291
63500	1.16658e-302	-163.851
63600	1.16658e-302	-128.329
63700	1.16658e-302	-144.651
63800	1.16658e-302	-136.87
63900	1.16658e-302	-140.143
64000	1.16658e-302	-127.206
64100	1.16658e-302	-125.208
64200	1.16658e-302	-145.287
64300	1.16658e-302	-121.404
64400	1.16658e-302	-153.258
64500	1.16658e-302	-132.459
64600	1.16658e-302	-123.529
64700	1.16658e-302	-129.309
64800	1.16658e-302	-160.757
64900	1.16658e-302	-159.532
65000	1.16658e-302	-126.038
65100	1.16658e-302	-157.766
65200	1.16658e-302	-157.907
65300	1.16658e-302	-131.012
65400	1.16658e-302	-126.403
65500	1.16658e-302	-124.542
65600	1.16658e-302	-132.815
65700	1.16658e-302	-127.141
65800	1.16658e-302	-128.986
65900	1.16658e-302	-128.352
66000	1.16658e-302	-146.038
66100	1.16658e-302	-169.091
66200	1.16658e-302	-136.152
66300	1.16658e-302	-164.918
66400	1.16658e-302	-145.31
66500	1.16658e-302	-143.139
66600	1.16658e-302	-139.61
66700	1.16658e-302	-154.703
66800	1.16658e-302	-171.517
66900	1.16658e-302	-124.016
67000	1.16658e-302	-116.285
67100	1.16658e-302	-135.073
67200	1.16658e-302	-127.957
67300	1.16658e-302	-137.721
67400	1.16658e-302	-158.749
67500	1.16658e-302	-109.662
67600	1.16658e-302	-149.882
67700	1.16658e-302	-145.22
67800	1.16658e-302	-145.623
67900	1.16658e-302	-141.643
68000	1.16658e-302	-140.581
68100	1.16658e-302	-168.687
68200	1.16658e-302	-124.718
68300	1.16658e-302	-160.335
68400	1.16658e-302	-151.768
68500	1.16658e-302	-153.4
68600	1.16658e-302	-163.685
68700	1.16658e-302	-127.8
68800	1.16658e-302	-146.037
68900	1.16658e-302	-151.256
69000	1.16658e-302	-147.243
69100	1.16658e-302	-150.544
69200	1.16658e-302	-166.831
69300	1.16658e-302	-129.246
69400	1.16658e-302	-160.911
69500	1.16658e-302	-144.536
69600	1.16658e-302	-144.116
69700	1.16658e-302	-132.114
69800	1.16658e-302	-118.333
69900	1.16658e-302	-129.282
70000	1.16658e-302	-152.71
70100	1.16658e-302	-149.118
70200	1.16658e-302	-145.165
70300	1.16658e-302	-137.41
70400	1.16658e-302	-146.289
70500	1.16658e-302	-137.534
70600	1.16658e-302	-137.832
70700	1.16658e-302	-146.003
70800	1.16658e-302	-124.1
70900	1.16658e-302	-141.727
71000	1.16658e-302	-150.279
71100	1.16658e-302	-149.71
71200	1.16658e-302	-138.559
71300	1.16658e-302	-153.671
71400	1.16658e-302	-123.86
71500	1.16658e-302	-142.073
71600	1.16658e-302	-151.438
71700	1.16658e-302	-124.557
71800	1.16658e-302	-153.721
71900	1.16658e-302	-129.917
72000	1.16658e-302	-136.833
72100	1.16658e-302	-108.157
72200	1.16658e-302	-141.156
72300	1.16658e-302	-132.835
72400	1.16658e-302	-146.827
72500	1.16658e-302	-127.633
72600	1.16658e-302	-135.699
72700	1.16658e-302	-122.914
72800	1.16658e-302	-126.182
72900	1.16658e-302	-151.955
73000	1.16658e-302	-123.209
73100	1.16658e-302	-129.413
73200	1.16658e-302	-138.345
73300	1.16658e-302	-152.717
73400	1.16658e-302	-132.408
73500	1.16658e-302	-132.978
73600	1.16658e-302	-136.327
73700	1.16658e-302	-133.296
73800	1.16658e-302	-139.488
73900	1.16658e-302	-154.62
74000	1.16658e-302	-135.447
74100	1.16658e-302	-130.955
74200	1.16658e-302	-140.425
74300	1.16658e-302	-128.878
74400	1.16658e-302	-135.749
74500	1.16658e-302	-132.944
74600	1.16658e-302	-139.168
74700	1.16658e-302	-134.34
74800	1.16658e-302	-138.55
74900	1.16658e-302	-127.169
75000	1.16658e-302	-134.609
75100	1.16658e-302	-152.26
75200	1.16658e-302	-154.447
75300	1.16658e-302	-142.562
75400	1.16658e-302	-144.808
75500	1.16658e-302	-145.422
75600	1.16658e-302	-143.142
75700	1.16658e-302	-142.559
75800	1.16658e-302	-148.435
75900	1.16658e-302	-158.129
76000	1.16658e-302	-142.824
76100	1.16658e-302	-163.698
76200	1.16658e-302	-123.475
76300	1.16658e-302	-149.826
76400	1.16658e-302	-161.023
76500	1.16658e-302	-151.229
76600	1.16658e-302	-131.461
76700	1.16658e-302	-126.369
76800	1.16658e-302	-169.267
76900	1.16658e-302	-131.997
77000	1.16658e-302	-125.04
77100	1.16658e-302	-125.89
77200	1.16658e-302	-116.025
77300	1.16658e-302	-154.373
77400	1.16658e-302	-141.639
77500	1.16658e-302	-137.615
77600	1.16658e-302	-129.882
77700	1.16658e-302	-131.893
77800	1.16658e-302	-123.808
77900	1.16658e-302	-129.308
78000	1.16658e-302	-130.309
78100	1.16658e-302	-147.05
78200	1.16658e-302	-163.609
78300	1.16658e-302	-157.073
78400	1.16658e-302	-136.671
78500	1.16658e-302	-168.311
78600	1.16658e-302	-130.999
78700	1.16658e-302	-171.179
78800	1.16658e-302	-126.638
78900	1.16658e-302	-137.729
79000	1.16658e-302	-127.181
79100	1.16658e-302	-172.872
79200	1.16658e-302	-148.188
79300	1.16658e-302	-154.863
79400	1.16658e-302	-129.257
79500	1.16658e-302	-123.534
79600	1.16658e-302	-156.643
79700	1.16658e-302	-167.871
79800	1.16658e-302	-166.108
79900	1.16658e-302	-139.077
80000	1.16658e-302	-162.275
80100	1.16658e-302	-123.506
80200	1.16658e-302	-153.842
80300	1.16658e-302	-158.906
80400	1.16658e-302	-133.449
80500	1.16658e-302	-154.2
80600	1.16658e-302	-138.888
80700	1.16658e-302	-142.779
80800	1.16658e-302	-116.007
80900	1.16658e-302	-171.485
81000	1.16658e-302	-136.875
81100	1.16658e-302	-144.435
81200	1.16658e-302	-144.4
81300	1.16658e-302	-168.937
81400	1.16658e-302	-130.86
81500	1.16658e-302	-133.562
81600	1.16658e-302	-142.968
81700	1.16658e-302	-131.565
81800	1.16658e-302	-140.569
81900	1.16658e-302	-162.599
82000	1.16658e-302	-147.859
82100	1.16658e-302	-147.81
82200	1.16658e-302	-125.691
82300	1.16658e-302	-151.269
82400	1.16658e-302	-144.667
82500	1.16658e-302	-132.374
82600	1.16658e-302	-149.401
82700	1.16658e-302	-151.398
82800	1.16658e-302	-138.692
82900	1.16658e-302	-123.621
83000	1.16658e-302	-118.494
83100	1.16658e-302	-137.585
83200	1.16658e-302	-135.121
83300	1.16658e-302	-93.3905
83400	1.16658e-302	-195.567
83500	1.16658e-302	-126.564
83600	1.16658e-302	-159.133
83700	1.16658e-302	-148.758
83800	1.16658e-302	-142.469
83900	1.16658e-302	-147.586
84000	1.16658e-302	-123.953
84100	1.16658e-302	-150.122
84200	1.16658e-302	-172.571
84300	1.16658e-302	-136.694
84400	1.16658e-302	-162.816
84500	1.16658e-302	-145.641
84600	1.16658e-302	-170.444
84700	1.16658e-302	-131.478
84800	1.16658e-302	-122.388
84900	1.16658e-302	-163.457
85000	1.16658e-302	-140.899
85100	1.16658e-302	-153.746
85200	1.16658e-302	-131.328
85300	1.16658e-302	-129.851
85400	1.16658e-302	-118.362
85500	1.16658e-302	-148.169
85600	1.16658e-302	-134.462
85700	1.16658e-302	-135.055
85800	1.16658e-302	-126.779
85900	1.16658e-302	-128.241
86000	1.16658e-302	-134.616
86100	1.16658e-302	-152.56
86200	1.16658e-302	-137.367
86300	1.16658e-302	-145.344
86400	1.16658e-302	-157.743
86500	1.16658e-302	-177.503
86600	1.16658e-302	-144.913
86700	1.16658e-302	-135.981
86800	1.16658e-302	-161.806
86900	1.16658e-302	-102.23
87000	1.16658e-302	-133.249
87100	1.16658e-302	-123.702
87200	1.16658e-302	-149.751
87300	1.16658e-302	-139.685
87400	1.16658e-302	-146.302
87500	1.16658e-302	-137.074
87600	1.16658e-302	-134.831
87700	1.16658e-302	-132.064
87800	1.16658e-302	-145.142
87900	1.16658e-302	-137.151
88000	1.16658e-302	-134.641
88100	1.16658e-302	-160.795
88200	1.16658e-302	-157.557
88300	1.16658e-302	-163.68
88400	1.16658e-302	-138.107
88500	1.16658e-302	-141.465
88600	1.16658e-302	-148.51
88700	1.16658e-302	-128.849
88800	1.16658e-302	-136.004
88900	1.16658e-302	-156.888
89000	1.16658e-302	-129.291
89100	1.16658e-302	-133.316
89200	1.16658e-302	-140.213
89300	1.16658e-302	-143.231
89400	1.16658e-302	-160.936
89500	1.16658e-302	-124.131
89600	1.16658e-302	-117.253
89700	1.16658e-302	-135.719
89800	1.16658e-302	-151.31
89900	1.16658e-302	-130.92
90000	1.16658e-302	-133.939
90100	1.16658e-302	-133.056
90200	1.16658e-302	-168.398
90300	1.16658e-302	-126.097
90400	1.16658e-302	-149.456
90500	1.16658e-302	-165.49
90600	1.16658e-302	-132.209
90700	1.16658e-302	-138.004
90800	1.16658e-302	-188.138
90900	1.16658e-302	-141.031
91000	1.16658e-302	-161.047
91100	1.16658e-302	-155.239
91200	1.16658e-302	-128.907
91300	1.16658e-302	-145.323
91400	1.16658e-302	-143.251
91500	1.16658e-302	-132.554
91600	1.16658e-302	-141.795
91700	1.16658e-302	-154.915
91800	1.16658e-302	-132.324
91900	1.16658e-302	-153.057
92000	1.16658e-302	-166.292
92100	1.16658e-302	-144.506
92200	1.16658e-302	-137.292
92300	1.16658e-302	-187.095
92400	1.16658e-302	-144.743
92500	1.16658e-302	-142.889
92600	1.16658e-302	-150.351
92700	1.16658e-302	-153.021
92800	1.16658e-302	-176.181
92900	1.16658e-302	-142.633
93000	1.16658e-302	-129.234
93100	1.16658e-302	-165.833
93200	1.16658e-302	-176.901
93300	1.16658e-302	-133.354
93400	1.16658e-302	-159.413
93500	1.16658e-302	-138.678
93600	1.16658e-302	-130.201
93700	1.16658e-302	-181.968
93800	1.16658e-302	-145.108
93900	1.16658e-302	-153.238
94000	1.16658e-302	-161.798
94100	1.16658e-302	-130.099
94200	1.16658e-302	-138.412
94300	1.16658e-302	-153.027
94400	1.16658e-302	-126.639
94500	1.16658e-302	-124.112
94600	1.16658e-302	-149.77
94700	1.16658e-302	-156.349
94800	1.16658e-302	-155.514
94900	1.16658e-302	-150.258
95000	1.16658e-302	-150.805
95100	1.16658e-302	-127.122
95200	1.16658e-302	-137.866
95300	1.16658e-302	-145.716
95400	1.16658e-302	-156.958
95500	1.16658e-302	-133.412
95600	1.16658e-302	-136.82
95700	1.16658e-302	-175.69
95800	1.16658e-302	-164.605
95900	1.16658e-302	-147.587
96000	1.16658e-302	-157.118
96100	1.16658e-302	-130.055
96200	1.16658e-302	-137.548
96300	1.16658e-302	-151.262
96400	1.16658e-302	-156.491
96500	1.16658e-302	-142.363
96600	1.16658e-302	-174.366
96700	1.16658e-302	-133.436
96800	1.16658e-302	-127.524
96900	1.16658e-302	-121.404
97000	1.16658e-302	-160.464
97100	1.16658e-302	-130.181
97200	1.16658e-302	-146.161
97300	1.16658e-302	-137.726
97400	1.16658e-302	-162.42
97500	1.16658e-302	-159.729
97600	1.16658e-302	-126.628
97700	1.16658e-302	-159.077
97800	1.16658e-302	-139.756
97900	1.16658e-302	-144.305
98000	1.16658e-302	-153.053
98100	1.16658e-302	-159.718
98200	1.16658e-302	-150.936
98300	1.16658e-302	-150.519
98400	1.16658e-302	-139.744
98500	1.16658e-302	-154.895
98600	1.16658e-302	-148.059
98700	1.16658e-302	-163.122
98800	1.16658e-302	-139.71
98900	1.16658e-302	-124.093
99000	1.16658e-302	-158.613
99100	1.16658e-302	-164.844
99200	1.16658e-302	-141.438
99300	1.16658e-302	-159.963
99400	1.16658e-302	-137.332
99500	1.16658e-302	-140.256
99600	1.16658e-302	-135.896
99700	1.16658e-302	-130.4
99800	1.16658e-302	-137.058
99900	1.16658e-302	-127.643
100000	1.16658e-302	-122.428
