state	power	likelihood
25100	0.03125	-149.484
25200	0.03125	-132.889
25300	0.03125	-128.336
25400	0.03125	-127.007
25500	0.03125	-121.546
25600	0.03125	-114.525
25700	0.03125	-147.819
25800	0.03125	-138.619
25900	0.03125	-158.631
26000	0.03125	-129.218
26100	0.03125	-117.01
26200	0.03125	-116.092
26300	0.03125	-124.638
26400	0.03125	-145.176
26500	0.03125	-134.299
26600	0.03125	-120.673
26700	0.03125	-137.028
26800	0.03125	-129.043
26900	0.03125	-132.898
27000	0.03125	-115.619
27100	0.03125	-130.604
27200	0.03125	-133.924
27300	0.03125	-151.501
27400	0.03125	-125.059
27500	0.03125	-163.537
27600	0.03125	-128.157
27700	0.03125	-146.533
27800	0.03125	-130.344
27900	0.03125	-131.934
28000	0.03125	-134.006
28100	0.03125	-131.278
28200	0.03125	-128.698
28300	0.03125	-151.317
28400	0.03125	-121.029
28500	0.03125	-120.436
28600	0.03125	-152.294
28700	0.03125	-129.042
28800	0.03125	-130.771
28900	0.03125	-136.279
29000	0.03125	-162.716
29100	0.03125	-99.8974
29200	0.03125	-124.987
29300	0.03125	-165.129
29400	0.03125	-130.114
29500	0.03125	-149.163
29600	0.03125	-151.547
29700	0.03125	-119.403
29800	0.03125	-114.771
29900	0.03125	-129.311
30000	0.03125	-138.802
30100	0.03125	-152.881
30200	0.03125	-123.24
30300	0.03125	-127.909
30400	0.03125	-117.016
30500	0.03125	-127.28
30600	0.03125	-115.839
30700	0.03125	-132.095
30800	0.03125	-131.266
30900	0.03125	-133.84
31000	0.03125	-122.006
31100	0.03125	-147.03
31200	0.03125	-129.874
31300	0.03125	-123.714
31400	0.03125	-121.651
31500	0.03125	-123.43
31600	0.03125	-134.499
31700	0.03125	-139.56
31800	0.03125	-123.337
31900	0.03125	-129.228
32000	0.03125	-138.967
32100	0.03125	-133.053
32200	0.03125	-150.132
32300	0.03125	-131.507
32400	0.03125	-134.852
32500	0.03125	-121.121
32600	0.03125	-124.998
32700	0.03125	-135.271
32800	0.03125	-137.277
32900	0.03125	-144.698
33000	0.03125	-123.836
33100	0.03125	-151.128
33200	0.03125	-127.938
33300	0.03125	-152.077
33400	0.03125	-150.424
33500	0.03125	-128.018
33600	0.03125	-142.207
33700	0.03125	-127.276
33800	0.03125	-134.781
33900	0.03125	-120.627
34000	0.03125	-118.467
34100	0.03125	-144.461
34200	0.03125	-124.48
34300	0.03125	-133.733
34400	0.03125	-122.066
34500	0.03125	-158.872
34600	0.03125	-126.644
34700	0.03125	-124.837
34800	0.03125	-109.356
34900	0.03125	-126.13
35000	0.03125	-136.539
35100	0.03125	-145.794
35200	0.03125	-130.61
35300	0.03125	-136.648
35400	0.03125	-143.538
35500	0.03125	-131.418
35600	0.03125	-146.852
35700	0.03125	-147.502
35800	0.03125	-118.782
35900	0.03125	-113.415
36000	0.03125	-147.781
36100	0.03125	-161.03
36200	0.03125	-121.993
36300	0.03125	-148.388
36400	0.03125	-126.172
36500	0.03125	-117.308
36600	0.03125	-113.913
36700	0.03125	-140.195
36800	0.03125	-123.112
36900	0.03125	-148.039
37000	0.03125	-134.97
37100	0.03125	-116.692
37200	0.03125	-139.147
37300	0.03125	-141.326
37400	0.03125	-144.397
37500	0.03125	-143.001
37600	0.03125	-141.903
37700	0.03125	-149.838
37800	0.03125	-164.589
37900	0.03125	-127.179
38000	0.03125	-144.239
38100	0.03125	-101.824
38200	0.03125	-141.569
38300	0.03125	-128.073
38400	0.03125	-123.128
38500	0.03125	-135.186
38600	0.03125	-125.801
38700	0.03125	-181.904
38800	0.03125	-138.831
38900	0.03125	-134.784
39000	0.03125	-124.632
39100	0.03125	-136.11
39200	0.03125	-127.201
39300	0.03125	-109.814
39400	0.03125	-181.187
39500	0.03125	-129.346
39600	0.03125	-136.803
39700	0.03125	-135.97
39800	0.03125	-183.457
39900	0.03125	-118.762
40000	0.03125	-169.381
40100	0.03125	-158.543
40200	0.03125	-154.221
40300	0.03125	-124.207
40400	0.03125	-124.409
40500	0.03125	-131.878
40600	0.03125	-116.299
40700	0.03125	-131.991
40800	0.03125	-133.091
40900	0.03125	-124.862
41000	0.03125	-145.37
41100	0.03125	-132.995
41200	0.03125	-107.056
41300	0.03125	-135.941
41400	0.03125	-136.386
41500	0.03125	-137.461
41600	0.03125	-137.088
41700	0.03125	-130.145
41800	0.03125	-135.253
41900	0.03125	-124.572
42000	0.03125	-131.246
42100	0.03125	-138.847
42200	0.03125	-139.695
42300	0.03125	-161.003
42400	0.03125	-132.938
42500	0.03125	-166.325
42600	0.03125	-127.293
42700	0.03125	-138.263
42800	0.03125	-136.327
42900	0.03125	-137.515
43000	0.03125	-129.061
43100	0.03125	-130.168
43200	0.03125	-124.897
43300	0.03125	-106.081
43400	0.03125	-125.906
43500	0.03125	-120.313
43600	0.03125	-138.154
43700	0.03125	-172.707
43800	0.03125	-143.282
43900	0.03125	-132.8
44000	0.03125	-127.302
44100	0.03125	-115.416
44200	0.03125	-164.957
44300	0.03125	-143.913
44400	0.03125	-130.889
44500	0.03125	-131.38
44600	0.03125	-138.053
44700	0.03125	-140.127
44800	0.03125	-105.558
44900	0.03125	-139.293
45000	0.03125	-162.506
45100	0.03125	-143.632
45200	0.03125	-125.77
45300	0.03125	-152.556
45400	0.03125	-168.467
45500	0.03125	-142.628
45600	0.03125	-127.722
45700	0.03125	-141.48
45800	0.03125	-140.051
45900	0.03125	-129.741
46000	0.03125	-118.276
46100	0.03125	-148.158
46200	0.03125	-120.471
46300	0.03125	-150.46
46400	0.03125	-138.997
46500	0.03125	-128.869
46600	0.03125	-121.22
46700	0.03125	-146.789
46800	0.03125	-155.754
46900	0.03125	-145.752
47000	0.03125	-156.374
47100	0.03125	-141.048
47200	0.03125	-146.243
47300	0.03125	-157.959
47400	0.03125	-125.444
47500	0.03125	-116.533
47600	0.03125	-117.141
47700	0.03125	-113.1
47800	0.03125	-134.702
47900	0.03125	-160.213
48000	0.03125	-129.353
48100	0.03125	-132.436
48200	0.03125	-120.606
48300	0.03125	-113.658
48400	0.03125	-130.589
48500	0.03125	-144.345
48600	0.03125	-157.043
48700	0.03125	-158.425
48800	0.03125	-118.497
48900	0.03125	-125.603
49000	0.03125	-115.327
49100	0.03125	-142.109
49200	0.03125	-125.569
49300	0.03125	-148.655
49400	0.03125	-133.73
49500	0.03125	-130.302
49600	0.03125	-136.751
49700	0.03125	-100.403
49800	0.03125	-118.72
49900	0.03125	-129.116
50000	0.03125	-138.422
50100	0.03125	-150.01
50200	0.03125	-142.546
50300	0.03125	-133.277
50400	0.03125	-132.991
50500	0.03125	-117.025
50600	0.03125	-115.773
50700	0.03125	-124.732
50800	0.03125	-137.429
50900	0.03125	-137.63
51000	0.03125	-111.358
51100	0.03125	-138.502
51200	0.03125	-141.999
51300	0.03125	-126.303
51400	0.03125	-100.021
51500	0.03125	-155.781
51600	0.03125	-115.568
51700	0.03125	-136.236
51800	0.03125	-126.53
51900	0.03125	-127.979
52000	0.03125	-128.848
52100	0.03125	-137.643
52200	0.03125	-151.462
52300	0.03125	-146.183
52400	0.03125	-158.784
52500	0.03125	-129.824
52600	0.03125	-135.737
52700	0.03125	-139.75
52800	0.03125	-142.047
52900	0.03125	-146.888
53000	0.03125	-121.946
53100	0.03125	-110.766
53200	0.03125	-139.802
53300	0.03125	-134.909
53400	0.03125	-132.796
53500	0.03125	-162.139
53600	0.03125	-123.842
53700	0.03125	-132.978
53800	0.03125	-139.532
53900	0.03125	-126.482
54000	0.03125	-133.172
54100	0.03125	-119.3
54200	0.03125	-137.765
54300	0.03125	-124.044
54400	0.03125	-136.717
54500	0.03125	-153.107
54600	0.03125	-156.929
54700	0.03125	-140.147
54800	0.03125	-129.758
54900	0.03125	-162.606
55000	0.03125	-108.853
55100	0.03125	-116.085
55200	0.03125	-119.353
55300	0.03125	-156.543
55400	0.03125	-162.085
55500	0.03125	-120.242
55600	0.03125	-149.959
55700	0.03125	-142.034
55800	0.03125	-142.226
55900	0.03125	-132.925
56000	0.03125	-145.092
56100	0.03125	-175.336
56200	0.03125	-139.425
56300	0.03125	-120.077
56400	0.03125	-148.476
56500	0.03125	-119.63
56600	0.03125	-135.268
56700	0.03125	-128.694
56800	0.03125	-137.79
56900	0.03125	-145.359
57000	0.03125	-138.647
57100	0.03125	-137.076
57200	0.03125	-136.395
57300	0.03125	-133.601
57400	0.03125	-137.309
57500	0.03125	-156.14
57600	0.03125	-127.638
57700	0.03125	-122.735
57800	0.03125	-120.732
57900	0.03125	-134.633
58000	0.03125	-128.158
58100	0.03125	-126.602
58200	0.03125	-140.272
58300	0.03125	-135.121
58400	0.03125	-141.246
58500	0.03125	-143.123
58600	0.03125	-137.839
58700	0.03125	-161.65
58800	0.03125	-119.764
58900	0.03125	-140.118
59000	0.03125	-123.958
59100	0.03125	-170.392
59200	0.03125	-149.577
59300	0.03125	-141.673
59400	0.03125	-131.018
59500	0.03125	-168.974
59600	0.03125	-144.555
59700	0.03125	-138.036
59800	0.03125	-148.692
59900	0.03125	-133.23
60000	0.03125	-174.24
60100	0.03125	-178.159
60200	0.03125	-136.266
60300	0.03125	-136.955
60400	0.03125	-125.906
60500	0.03125	-125.545
60600	0.03125	-125.406
60700	0.03125	-146.516
60800	0.03125	-122.714
60900	0.03125	-140.256
61000	0.03125	-120.325
61100	0.03125	-116.369
61200	0.03125	-160.399
61300	0.03125	-155.125
61400	0.03125	-130.457
61500	0.03125	-141.067
61600	0.03125	-135.574
61700	0.03125	-123.937
61800	0.03125	-141.768
61900	0.03125	-169.487
62000	0.03125	-121.097
62100	0.03125	-154.035
62200	0.03125	-122.745
62300	0.03125	-119.058
62400	0.03125	-128.223
62500	0.03125	-166.295
62600	0.03125	-136.39
62700	0.03125	-136.652
62800	0.03125	-150.153
62900	0.03125	-131.614
63000	0.03125	-137.257
63100	0.03125	-131.506
63200	0.03125	-136.691
63300	0.03125	-121.563
63400	0.03125	-135.294
63500	0.03125	-153.368
63600	0.03125	-112.14
63700	0.03125	-138.062
63800	0.03125	-145.635
63900	0.03125	-127.887
64000	0.03125	-148.525
64100	0.03125	-124.196
64200	0.03125	-140.942
64300	0.03125	-125.677
64400	0.03125	-137.422
64500	0.03125	-157.273
64600	0.03125	-133.453
64700	0.03125	-129.573
64800	0.03125	-135.564
64900	0.03125	-137.965
65000	0.03125	-148.21
65100	0.03125	-128.619
65200	0.03125	-147.365
65300	0.03125	-147.325
65400	0.03125	-123.709
65500	0.03125	-143.874
65600	0.03125	-136.598
65700	0.03125	-139.536
65800	0.03125	-127.161
65900	0.03125	-134.925
66000	0.03125	-151.623
66100	0.03125	-137.659
66200	0.03125	-135.182
66300	0.03125	-126.363
66400	0.03125	-120.864
66500	0.03125	-142.799
66600	0.03125	-145.713
66700	0.03125	-157.963
66800	0.03125	-128.317
66900	0.03125	-147.565
67000	0.03125	-118.847
67100	0.03125	-137.205
67200	0.03125	-164.233
67300	0.03125	-148.098
67400	0.03125	-102.706
67500	0.03125	-132.098
67600	0.03125	-116.657
67700	0.03125	-121.133
67800	0.03125	-139.05
67900	0.03125	-140.97
68000	0.03125	-128.214
68100	0.03125	-119.465
68200	0.03125	-124.022
68300	0.03125	-139.894
68400	0.03125	-141.66
68500	0.03125	-145.262
68600	0.03125	-155.921
68700	0.03125	-147.312
68800	0.03125	-131.458
68900	0.03125	-127.137
69000	0.03125	-133.93
69100	0.03125	-150.789
69200	0.03125	-118.204
69300	0.03125	-129.318
69400	0.03125	-132.719
69500	0.03125	-136.796
69600	0.03125	-135.482
69700	0.03125	-131.663
69800	0.03125	-120.439
69900	0.03125	-125.775
70000	0.03125	-125.103
70100	0.03125	-111.3
70200	0.03125	-124.953
70300	0.03125	-139.411
70400	0.03125	-132.966
70500	0.03125	-145.27
70600	0.03125	-131.363
70700	0.03125	-147.018
70800	0.03125	-136.377
70900	0.03125	-124.018
71000	0.03125	-128.529
71100	0.03125	-142.183
71200	0.03125	-121.804
71300	0.03125	-122.132
71400	0.03125	-125.158
71500	0.03125	-156.822
71600	0.03125	-139.844
71700	0.03125	-120.822
71800	0.03125	-126.374
71900	0.03125	-153.634
72000	0.03125	-134.144
72100	0.03125	-133.675
72200	0.03125	-153.392
72300	0.03125	-139.203
72400	0.03125	-160.274
72500	0.03125	-157.619
72600	0.03125	-130.709
72700	0.03125	-136.644
72800	0.03125	-155.385
72900	0.03125	-146.724
73000	0.03125	-138.311
73100	0.03125	-145.04
73200	0.03125	-146.744
73300	0.03125	-146.17
73400	0.03125	-136.614
73500	0.03125	-141.596
73600	0.03125	-138.011
73700	0.03125	-121.661
73800	0.03125	-137.858
73900	0.03125	-151.127
74000	0.03125	-133.723
74100	0.03125	-139.644
74200	0.03125	-129.243
74300	0.03125	-129.025
74400	0.03125	-126.034
74500	0.03125	-125.535
74600	0.03125	-122.388
74700	0.03125	-160.105
74800	0.03125	-135.04
74900	0.03125	-167.346
75000	0.03125	-138.959
75100	0.03125	-101.983
75200	0.03125	-107.646
75300	0.03125	-125.627
75400	0.03125	-138.906
75500	0.03125	-123.863
75600	0.03125	-129.632
75700	0.03125	-127.24
75800	0.03125	-131.121
75900	0.03125	-122.316
76000	0.03125	-132.178
76100	0.03125	-142.618
76200	0.03125	-119.426
76300	0.03125	-152.66
76400	0.03125	-152.208
76500	0.03125	-128.938
76600	0.03125	-132.55
76700	0.03125	-135.977
76800	0.03125	-134.962
76900	0.03125	-120.118
77000	0.03125	-140.478
77100	0.03125	-132.291
77200	0.03125	-145.311
77300	0.03125	-136.675
77400	0.03125	-147.449
77500	0.03125	-158.995
77600	0.03125	-130.535
77700	0.03125	-137.908
77800	0.03125	-128.65
77900	0.03125	-130.328
78000	0.03125	-154.739
78100	0.03125	-118.385
78200	0.03125	-118.509
78300	0.03125	-157.738
78400	0.03125	-154.831
78500	0.03125	-127.802
78600	0.03125	-135.255
78700	0.03125	-158.648
78800	0.03125	-138.245
78900	0.03125	-146.88
79000	0.03125	-143.378
79100	0.03125	-123.038
79200	0.03125	-123.008
79300	0.03125	-141.438
79400	0.03125	-144.331
79500	0.03125	-131.053
79600	0.03125	-122.444
79700	0.03125	-137.395
79800	0.03125	-151.283
79900	0.03125	-123.105
80000	0.03125	-152.752
80100	0.03125	-130.741
80200	0.03125	-148.597
80300	0.03125	-119.948
80400	0.03125	-136.561
80500	0.03125	-159.326
80600	0.03125	-151.309
80700	0.03125	-157.912
80800	0.03125	-132.731
80900	0.03125	-107.177
81000	0.03125	-101.311
81100	0.03125	-126.977
81200	0.03125	-161.79
81300	0.03125	-135.334
81400	0.03125	-127.822
81500	0.03125	-115.726
81600	0.03125	-152.296
81700	0.03125	-127.649
81800	0.03125	-118.229
81900	0.03125	-146.655
82000	0.03125	-128.862
82100	0.03125	-136.005
82200	0.03125	-138.153
82300	0.03125	-122.177
82400	0.03125	-160.216
82500	0.03125	-122.203
82600	0.03125	-136.368
82700	0.03125	-144.084
82800	0.03125	-129.308
82900	0.03125	-117.111
83000	0.03125	-131.016
83100	0.03125	-137.499
83200	0.03125	-122.497
83300	0.03125	-131.334
83400	0.03125	-140.355
83500	0.03125	-136.946
83600	0.03125	-121.863
83700	0.03125	-127.541
83800	0.03125	-129.079
83900	0.03125	-133.108
84000	0.03125	-139.462
84100	0.03125	-146.771
84200	0.03125	-134.716
84300	0.03125	-150.983
84400	0.03125	-135.332
84500	0.03125	-114.116
84600	0.03125	-140.069
84700	0.03125	-130.67
84800	0.03125	-136.552
84900	0.03125	-143.63
85000	0.03125	-130.838
85100	0.03125	-131.591
85200	0.03125	-120.559
85300	0.03125	-124.974
85400	0.03125	-131.288
85500	0.03125	-139.528
85600	0.03125	-136.341
85700	0.03125	-130.268
85800	0.03125	-162.968
85900	0.03125	-159.379
86000	0.03125	-117.618
86100	0.03125	-122.796
86200	0.03125	-126.56
86300	0.03125	-145.128
86400	0.03125	-135.414
86500	0.03125	-147.53
86600	0.03125	-173.772
86700	0.03125	-159.363
86800	0.03125	-144.051
86900	0.03125	-147.133
87000	0.03125	-137.291
87100	0.03125	-133.57
87200	0.03125	-120.152
87300	0.03125	-124.426
87400	0.03125	-137.676
87500	0.03125	-155.67
87600	0.03125	-122.985
87700	0.03125	-140.953
87800	0.03125	-158.075
87900	0.03125	-143.419
88000	0.03125	-170.655
88100	0.03125	-138.089
88200	0.03125	-126.248
88300	0.03125	-131.934
88400	0.03125	-115.9
88500	0.03125	-142.178
88600	0.03125	-146.402
88700	0.03125	-159.866
88800	0.03125	-135.388
88900	0.03125	-130.103
89000	0.03125	-157.71
89100	0.03125	-127.754
89200	0.03125	-133.12
89300	0.03125	-117.24
89400	0.03125	-131.894
89500	0.03125	-126.979
89600	0.03125	-137.998
89700	0.03125	-147.985
89800	0.03125	-135.626
89900	0.03125	-112.736
90000	0.03125	-133.241
90100	0.03125	-136.885
90200	0.03125	-132.582
90300	0.03125	-158.033
90400	0.03125	-122.95
90500	0.03125	-138.463
90600	0.03125	-155.073
90700	0.03125	-134.817
90800	0.03125	-121.369
90900	0.03125	-148.561
91000	0.03125	-123.33
91100	0.03125	-132.616
91200	0.03125	-149.356
91300	0.03125	-122.968
91400	0.03125	-120.069
91500	0.03125	-118.032
91600	0.03125	-128.023
91700	0.03125	-98.0761
91800	0.03125	-119.663
91900	0.03125	-127.157
92000	0.03125	-156.564
92100	0.03125	-126.425
92200	0.03125	-127.434
92300	0.03125	-130.59
92400	0.03125	-126.308
92500	0.03125	-136.074
92600	0.03125	-156.912
92700	0.03125	-142.397
92800	0.03125	-129.604
92900	0.03125	-118.913
93000	0.03125	-119.599
93100	0.03125	-142.549
93200	0.03125	-133.413
93300	0.03125	-123.907
93400	0.03125	-145.534
93500	0.03125	-116.401
93600	0.03125	-137.227
93700	0.03125	-133.376
93800	0.03125	-118.618
93900	0.03125	-134.663
94000	0.03125	-140.224
94100	0.03125	-144.027
94200	0.03125	-125.655
94300	0.03125	-113.643
94400	0.03125	-137.825
94500	0.03125	-120.495
94600	0.03125	-132.208
94700	0.03125	-133.91
94800	0.03125	-132.186
94900	0.03125	-138.489
95000	0.03125	-119.594
95100	0.03125	-122.821
95200	0.03125	-109.924
95300	0.03125	-125.156
95400	0.03125	-101.835
95500	0.03125	-119.742
95600	0.03125	-139.064
95700	0.03125	-137.127
95800	0.03125	-141.447
95900	0.03125	-146.651
96000	0.03125	-116.129
96100	0.03125	-136.124
96200	0.03125	-119.898
96300	0.03125	-150.31
96400	0.03125	-128.078
96500	0.03125	-144.117
96600	0.03125	-123.554
96700	0.03125	-135.763
96800	0.03125	-159.908
96900	0.03125	-140.629
97000	0.03125	-132.758
97100	0.03125	-133.956
97200	0.03125	-152.187
97300	0.03125	-131.237
97400	0.03125	-159.52
97500	0.03125	-130.001
97600	0.03125	-125.758
97700	0.03125	-155.678
97800	0.03125	-144.588
97900	0.03125	-127.942
98000	0.03125	-135.991
98100	0.03125	-128.655
98200	0.03125	-123.782
98300	0.03125	-162.639
98400	0.03125	-137.206
98500	0.03125	-119.755
98600	0.03125	-119.654
98700	0.03125	-131.988
98800	0.03125	-134.559
98900	0.03125	-125.954
99000	0.03125	-140.603
99100	0.03125	-139.292
99200	0.03125	-149.872
99300	0.03125	-123.9
99400	0.03125	-139.964
99500	0.03125	-137.654
99600	0.03125	-142.117
99700	0.03125	-165.413
99800	0.03125	-142.422
99900	0.03125	-139.977
100000	0.03125	-147.056
