state	power	likelihood
25100	1	-75.4732
25200	1	-76.2849
25300	1	-82.312
25400	1	-78.7063
25500	1	-76.6973
25600	1	-76.3712
25700	1	-81.8079
25800	1	-79.8266
25900	1	-81.5704
26000	1	-85.6174
26100	1	-80.1887
26200	1	-77.3172
26300	1	-78.3633
26400	1	-77.7853
26500	1	-77.1917
26600	1	-83.8939
26700	1	-77.5717
26800	1	-78.2197
26900	1	-81.2633
27000	1	-77.431
27100	1	-79.6397
27200	1	-75.6743
27300	1	-83.0204
27400	1	-82.366
27500	1	-80.6692
27600	1	-76.9416
27700	1	-80.108
27800	1	-79.1517
27900	1	-76.9512
28000	1	-74.3734
28100	1	-76.1629
28200	1	-82.114
28300	1	-71.4691
28400	1	-78.4666
28500	1	-74.9906
28600	1	-81.0028
28700	1	-81.1436
28800	1	-82.5679
28900	1	-78.0803
29000	1	-77.1935
29100	1	-76.743
29200	1	-75.1358
29300	1	-73.888
29400	1	-81.1245
29500	1	-82.6075
29600	1	-73.6711
29700	1	-74.5575
29800	1	-81.4921
29900	1	-78.6473
30000	1	-77.1889
30100	1	-78.2137
30200	1	-81.1991
30300	1	-75.9465
30400	1	-81.0039
30500	1	-79.7779
30600	1	-88.5376
30700	1	-81.3601
30800	1	-74.5002
30900	1	-78.2528
31000	1	-82.8725
31100	1	-77.2736
31200	1	-78.5698
31300	1	-78.1142
31400	1	-81.0432
31500	1	-76.6698
31600	1	-81.9018
31700	1	-75.6646
31800	1	-78.0016
31900	1	-79.6968
32000	1	-77.944
32100	1	-75.8055
32200	1	-76.7555
32300	1	-75.7031
32400	1	-76.8631
32500	1	-79.0093
32600	1	-79.0536
32700	1	-82.0118
32800	1	-75.1961
32900	1	-81.0963
33000	1	-73.3187
33100	1	-75.255
33200	1	-81.6547
33300	1	-80.2098
33400	1	-79.456
33500	1	-78.0814
33600	1	-76.6212
33700	1	-79.0872
33800	1	-79.7785
33900	1	-75.0363
34000	1	-79.4732
34100	1	-79.692
34200	1	-77.3566
34300	1	-78.1974
34400	1	-82.0133
34500	1	-76.5987
34600	1	-74.5195
34700	1	-79.6632
34800	1	-77.5898
34900	1	-78.0738
35000	1	-76.1753
35100	1	-81.5629
35200	1	-80.2736
35300	1	-77.9354
35400	1	-82.7159
35500	1	-79.0923
35600	1	-76.8863
35700	1	-81.6028
35800	1	-80.9248
35900	1	-77.601
36000	1	-82.3192
36100	1	-81.7308
36200	1	-78.4791
36300	1	-74.4233
36400	1	-86.9103
36500	1	-79.5473
36600	1	-76.6358
36700	1	-82.993
36800	1	-80.6009
36900	1	-78.9553
37000	1	-85.4188
37100	1	-74.6537
37200	1	-77.7612
37300	1	-77.38
37400	1	-78.6338
37500	1	-79.7753
37600	1	-77.9784
37700	1	-77.0571
37800	1	-77.0373
37900	1	-73.0987
38000	1	-75.41
38100	1	-81.214
38200	1	-75.0472
38300	1	-83.3943
38400	1	-77.2371
38500	1	-76.6895
38600	1	-77.2231
38700	1	-84.7755
38800	1	-78.7947
38900	1	-77.191
39000	1	-73.2733
39100	1	-79.7884
39200	1	-80.9507
39300	1	-77.3023
39400	1	-83.2692
39500	1	-80.3705
39600	1	-75.9897
39700	1	-81.9387
39800	1	-78.4652
39900	1	-78.203
40000	1	-81.7672
40100	1	-78.0741
40200	1	-78.5546
40300	1	-77.2885
40400	1	-81.7688
40500	1	-84.6026
40600	1	-80.1665
40700	1	-85.0964
40800	1	-74.7902
40900	1	-75.8161
41000	1	-78.6543
41100	1	-74.1407
41200	1	-77.5472
41300	1	-79.2348
41400	1	-75.6632
41500	1	-75.8404
41600	1	-75.5707
41700	1	-79.1944
41800	1	-73.3435
41900	1	-78.1247
42000	1	-78.5823
42100	1	-79.8327
42200	1	-77.2697
42300	1	-78.097
42400	1	-74.3227
42500	1	-83.5141
42600	1	-81.8289
42700	1	-78.4499
42800	1	-75.1487
42900	1	-77.2034
43000	1	-78.4622
43100	1	-77.5897
43200	1	-76.2724
43300	1	-73.9174
43400	1	-79.4657
43500	1	-85.132
43600	1	-75.2061
43700	1	-78.3018
43800	1	-78.5888
43900	1	-81.1711
44000	1	-86.4219
44100	1	-78.9967
44200	1	-76.6448
44300	1	-80.579
44400	1	-77.0279
44500	1	-78.0124
44600	1	-77.925
44700	1	-74.2962
44800	1	-74.8831
44900	1	-76.7415
45000	1	-77.04
45100	1	-82.093
45200	1	-75.0217
45300	1	-87.9238
45400	1	-81.0724
45500	1	-77.4009
45600	1	-79.1456
45700	1	-77.3801
45800	1	-81.0744
45900	1	-76.9853
46000	1	-74.5391
46100	1	-84.763
46200	1	-76.8823
46300	1	-75.9323
46400	1	-80.9575
46500	1	-73.2531
46600	1	-81.9415
46700	1	-76.4909
46800	1	-73.0956
46900	1	-77.9825
47000	1	-78.8972
47100	1	-79.8486
47200	1	-76.7041
47300	1	-80.6695
47400	1	-79.4106
47500	1	-76.9856
47600	1	-84.2421
47700	1	-81.8592
47800	1	-75.3721
47900	1	-75.6452
48000	1	-82.3798
48100	1	-74.5597
48200	1	-76.4513
48300	1	-76.7194
48400	1	-77.7461
48500	1	-79.9561
48600	1	-76.8878
48700	1	-75.6512
48800	1	-75.9741
48900	1	-80.868
49000	1	-81.5571
49100	1	-82.4823
49200	1	-78.0947
49300	1	-80.4838
49400	1	-81.8246
49500	1	-76.2225
49600	1	-75.3289
49700	1	-77.4314
49800	1	-84.9269
49900	1	-77.0303
50000	1	-76.7932
50100	1	-79.6225
50200	1	-76.2903
50300	1	-81.9822
50400	1	-81.7631
50500	1	-77.6091
50600	1	-73.5455
50700	1	-88.5438
50800	1	-76.4645
50900	1	-76.676
51000	1	-81.4045
51100	1	-81.9686
51200	1	-77.0413
51300	1	-75.3441
51400	1	-80.4213
51500	1	-78.2016
51600	1	-80.0482
51700	1	-85.7732
51800	1	-85.7165
51900	1	-80.7851
52000	1	-78.7466
52100	1	-76.7846
52200	1	-84.4316
52300	1	-77.5093
52400	1	-77.3214
52500	1	-77.1771
52600	1	-81.126
52700	1	-79.0121
52800	1	-81.7856
52900	1	-79.7986
53000	1	-78.0794
53100	1	-75.0743
53200	1	-80.6937
53300	1	-75.9083
53400	1	-78.0837
53500	1	-80.112
53600	1	-79.1318
53700	1	-77.8518
53800	1	-83.8
53900	1	-83.4939
54000	1	-76.8961
54100	1	-77.1828
54200	1	-78.6071
54300	1	-78.1456
54400	1	-79.9643
54500	1	-78.5973
54600	1	-76.8883
54700	1	-87.3134
54800	1	-82.8779
54900	1	-76.1445
55000	1	-78.2086
55100	1	-84.5915
55200	1	-79.2159
55300	1	-75.1651
55400	1	-78.0608
55500	1	-73.87
55600	1	-77.5973
55700	1	-81.7388
55800	1	-78.9066
55900	1	-80.3829
56000	1	-85.3771
56100	1	-78.1898
56200	1	-79.6999
56300	1	-78.4523
56400	1	-75.1085
56500	1	-78.4442
56600	1	-79.0557
56700	1	-80.5667
56800	1	-78.4656
56900	1	-78.2443
57000	1	-77.4132
57100	1	-75.5548
57200	1	-79.3548
57300	1	-75.9152
57400	1	-80.3317
57500	1	-85.4792
57600	1	-79.3173
57700	1	-75.1108
57800	1	-82.5057
57900	1	-78.3504
58000	1	-74.469
58100	1	-77.167
58200	1	-73.8172
58300	1	-80.1589
58400	1	-77.6947
58500	1	-76.1261
58600	1	-73.1336
58700	1	-85.0046
58800	1	-78.9451
58900	1	-80.7981
59000	1	-77.016
59100	1	-75.8022
59200	1	-74.3198
59300	1	-76.4436
59400	1	-79.6848
59500	1	-79.2002
59600	1	-79.6146
59700	1	-81.4119
59800	1	-81.2228
59900	1	-75.9327
60000	1	-80.6808
60100	1	-82.4778
60200	1	-80.0434
60300	1	-76.4784
60400	1	-82.825
60500	1	-79.5526
60600	1	-76.2733
60700	1	-77.5454
60800	1	-81.6143
60900	1	-82.2206
61000	1	-77.7793
61100	1	-80.0623
61200	1	-75.4452
61300	1	-75.3483
61400	1	-78.2031
61500	1	-75.734
61600	1	-80.0026
61700	1	-80.0904
61800	1	-76.7305
61900	1	-77.9564
62000	1	-75.8138
62100	1	-80.7323
62200	1	-75.7369
62300	1	-76.3423
62400	1	-80.068
62500	1	-76.6491
62600	1	-81.0537
62700	1	-77.2365
62800	1	-87.2638
62900	1	-77.7292
63000	1	-81.0368
63100	1	-78.3136
63200	1	-73.6909
63300	1	-77.8009
63400	1	-77.4352
63500	1	-79.0497
63600	1	-76.5476
63700	1	-75.4043
63800	1	-79.3935
63900	1	-74.0884
64000	1	-79.7221
64100	1	-79.7456
64200	1	-77.6363
64300	1	-82.446
64400	1	-84.9756
64500	1	-77.6003
64600	1	-78.1111
64700	1	-79.8387
64800	1	-81.332
64900	1	-78.3121
65000	1	-83.4463
65100	1	-76.1261
65200	1	-79.4964
65300	1	-75.072
65400	1	-78.0669
65500	1	-82.1795
65600	1	-77.429
65700	1	-76.008
65800	1	-75.2033
65900	1	-77.5232
66000	1	-79.3585
66100	1	-85.68
66200	1	-76.0695
66300	1	-75.6224
66400	1	-82.1698
66500	1	-80.2076
66600	1	-77.91
66700	1	-75.1573
66800	1	-83.5289
66900	1	-80.5989
67000	1	-75.2182
67100	1	-76.4088
67200	1	-79.4203
67300	1	-80.3108
67400	1	-81.1775
67500	1	-77.0655
67600	1	-77.8291
67700	1	-78.2596
67800	1	-75.5411
67900	1	-77.0406
68000	1	-76.6578
68100	1	-77.3919
68200	1	-79.8809
68300	1	-76.7535
68400	1	-74.9843
68500	1	-77.6921
68600	1	-82.4304
68700	1	-77.05
68800	1	-80.9747
68900	1	-84.1132
69000	1	-82.7279
69100	1	-82.4165
69200	1	-75.4477
69300	1	-75.4947
69400	1	-81.708
69500	1	-77.3194
69600	1	-76.2339
69700	1	-75.9883
69800	1	-78.6828
69900	1	-76.1984
70000	1	-77.0643
70100	1	-79.5485
70200	1	-78.9651
70300	1	-78.3661
70400	1	-76.8533
70500	1	-79.797
70600	1	-78.5439
70700	1	-77.9805
70800	1	-78.7733
70900	1	-77.8845
71000	1	-77.0661
71100	1	-82.8717
71200	1	-80.0462
71300	1	-75.816
71400	1	-81.6447
71500	1	-79.3167
71600	1	-74.795
71700	1	-83.8567
71800	1	-75.5128
71900	1	-78.9151
72000	1	-76.8777
72100	1	-81.0094
72200	1	-85.2267
72300	1	-80.307
72400	1	-76.461
72500	1	-76.3235
72600	1	-77.0477
72700	1	-77.7318
72800	1	-77.94
72900	1	-77.6991
73000	1	-76.8592
73100	1	-75.3897
73200	1	-81.3996
73300	1	-75.0281
73400	1	-82.7351
73500	1	-84.6888
73600	1	-77.6137
73700	1	-77.4749
73800	1	-81.4627
73900	1	-79.8477
74000	1	-77.4775
74100	1	-74.9676
74200	1	-81.4585
74300	1	-75.8478
74400	1	-83.8874
74500	1	-77.0322
74600	1	-78.4602
74700	1	-79.2964
74800	1	-80.9406
74900	1	-82.3553
75000	1	-75.3124
75100	1	-72.8597
75200	1	-75.5146
75300	1	-75.4335
75400	1	-79.3399
75500	1	-78.6378
75600	1	-78.9102
75700	1	-78.4751
75800	1	-79.8594
75900	1	-75.0243
76000	1	-80.6896
76100	1	-75.7176
76200	1	-78.0572
76300	1	-77.0946
76400	1	-79.9591
76500	1	-79.2486
76600	1	-76.8881
76700	1	-79.1977
76800	1	-79.4562
76900	1	-80.8209
77000	1	-74.3224
77100	1	-76.4252
77200	1	-82.3069
77300	1	-77.6885
77400	1	-82.414
77500	1	-79.2043
77600	1	-75.7362
77700	1	-80.8924
77800	1	-75.6255
77900	1	-77.4978
78000	1	-76.2343
78100	1	-85.1975
78200	1	-78.0164
78300	1	-79.5157
78400	1	-80.8243
78500	1	-79.8522
78600	1	-83.0712
78700	1	-78.2855
78800	1	-78.1574
78900	1	-78.1562
79000	1	-82.1217
79100	1	-75.6997
79200	1	-76.5757
79300	1	-76.2645
79400	1	-73.9605
79500	1	-76.7299
79600	1	-75.5829
79700	1	-76.3239
79800	1	-77.1874
79900	1	-77.9999
80000	1	-77.7208
80100	1	-78.7155
80200	1	-77.5298
80300	1	-78.4165
80400	1	-76.7335
80500	1	-74.9319
80600	1	-73.93
80700	1	-77.1078
80800	1	-78.4786
80900	1	-77.6092
81000	1	-78.9173
81100	1	-74.3653
81200	1	-74.8047
81300	1	-77.9769
81400	1	-78.5967
81500	1	-73.7573
81600	1	-72.6535
81700	1	-77.5475
81800	1	-80.8164
81900	1	-76.9872
82000	1	-79.5809
82100	1	-77.757
82200	1	-76.5616
82300	1	-80.9448
82400	1	-78.5595
82500	1	-74.3438
82600	1	-84.5768
82700	1	-76.2779
82800	1	-71.355
82900	1	-77.4243
83000	1	-74.4709
83100	1	-75.8144
83200	1	-74.6453
83300	1	-82.4231
83400	1	-78.5048
83500	1	-74.1125
83600	1	-78.6749
83700	1	-82.9453
83800	1	-75.7672
83900	1	-74.3264
84000	1	-78.259
84100	1	-81.3338
84200	1	-79.951
84300	1	-81.3387
84400	1	-77.1092
84500	1	-81.4609
84600	1	-81.9914
84700	1	-77.7366
84800	1	-77.4767
84900	1	-79.2247
85000	1	-78.2703
85100	1	-79.3111
85200	1	-84.2493
85300	1	-82.6061
85400	1	-80.6743
85500	1	-80.889
85600	1	-81.6852
85700	1	-79.6399
85800	1	-76.0429
85900	1	-79.7653
86000	1	-74.423
86100	1	-77.6954
86200	1	-79.1934
86300	1	-82.7478
86400	1	-76.9578
86500	1	-74.093
86600	1	-78.6018
86700	1	-76.9073
86800	1	-79.1605
86900	1	-79.3422
87000	1	-81.8851
87100	1	-80.106
87200	1	-77.8176
87300	1	-74.5047
87400	1	-76.6238
87500	1	-77.4377
87600	1	-78.6204
87700	1	-79.3586
87800	1	-79.201
87900	1	-81.6185
88000	1	-81.0056
88100	1	-78.5999
88200	1	-75.8926
88300	1	-83.1307
88400	1	-81.0589
88500	1	-76.9693
88600	1	-77.4947
88700	1	-76.279
88800	1	-76.6013
88900	1	-74.2056
89000	1	-74.8717
89100	1	-80.7813
89200	1	-79.0777
89300	1	-77.5136
89400	1	-78.9007
89500	1	-87.1805
89600	1	-77.5174
89700	1	-79.4298
89800	1	-78.3564
89900	1	-77.4853
90000	1	-76.6898
90100	1	-78.1891
90200	1	-75.2711
90300	1	-81.9025
90400	1	-77.6183
90500	1	-78.6269
90600	1	-77.3668
90700	1	-77.729
90800	1	-77.9177
90900	1	-75.1004
91000	1	-77.3715
91100	1	-80.916
91200	1	-79.4871
91300	1	-78.4906
91400	1	-78.2216
91500	1	-77.2822
91600	1	-79.8682
91700	1	-72.9643
91800	1	-77.5086
91900	1	-79.7532
92000	1	-84.0796
92100	1	-78.3425
92200	1	-80.7023
92300	1	-78.7839
92400	1	-84.6576
92500	1	-84.1861
92600	1	-75.3428
92700	1	-79.9193
92800	1	-78.305
92900	1	-85.3339
93000	1	-76.2513
93100	1	-75.2274
93200	1	-72.7301
93300	1	-80.9047
93400	1	-79.0268
93500	1	-76.9452
93600	1	-78.7603
93700	1	-77.1037
93800	1	-89.7663
93900	1	-75.668
94000	1	-79.2581
94100	1	-78.9272
94200	1	-75.3743
94300	1	-83.6909
94400	1	-78.9059
94500	1	-77.7626
94600	1	-77.7214
94700	1	-80.5943
94800	1	-76.5638
94900	1	-77.3365
95000	1	-76.0809
95100	1	-83.1115
95200	1	-85.2279
95300	1	-72.6076
95400	1	-76.1199
95500	1	-77.6003
95600	1	-77.887
95700	1	-81.439
95800	1	-86.9113
95900	1	-77.2972
96000	1	-81.9473
96100	1	-78.2439
96200	1	-79.1715
96300	1	-88.4323
96400	1	-80.8137
96500	1	-77.1079
96600	1	-79.3182
96700	1	-77.7718
96800	1	-79.0955
96900	1	-77.1221
97000	1	-80.2395
97100	1	-75.8651
97200	1	-82.192
97300	1	-81.8721
97400	1	-78.1124
97500	1	-77.6032
97600	1	-77.3268
97700	1	-77.7103
97800	1	-81.2159
97900	1	-82.4866
98000	1	-77.7491
98100	1	-76.7516
98200	1	-76.1961
98300	1	-81.3667
98400	1	-75.8517
98500	1	-81.6085
98600	1	-85.5092
98700	1	-81.3672
98800	1	-75.3872
98900	1	-78.186
99000	1	-77.1217
99100	1	-80.3121
99200	1	-81.7866
99300	1	-75.9846
99400	1	-75.397
99500	1	-75.9199
99600	1	-80.8079
99700	1	-77.5729
99800	1	-78.0274
99900	1	-77.202
100000	1	-77.0187
