state	power	likelihood
25100	0.32768	-89.8441
25200	0.32768	-93.5591
25300	0.32768	-112.006
25400	0.32768	-112.89
25500	0.32768	-94.483
25600	0.32768	-98.7029
25700	0.32768	-88.2329
25800	0.32768	-96.1763
25900	0.32768	-87.3628
26000	0.32768	-90.1943
26100	0.32768	-89.4796
26200	0.32768	-83.7456
26300	0.32768	-94.292
26400	0.32768	-82.0813
26500	0.32768	-110.183
26600	0.32768	-98.467
26700	0.32768	-93.598
26800	0.32768	-102.391
26900	0.32768	-100.69
27000	0.32768	-92.7852
27100	0.32768	-90.4956
27200	0.32768	-90.7257
27300	0.32768	-98.5883
27400	0.32768	-94.4754
27500	0.32768	-94.7914
27600	0.32768	-107.309
27700	0.32768	-83.9303
27800	0.32768	-99.7657
27900	0.32768	-94.4773
28000	0.32768	-92.177
28100	0.32768	-100.263
28200	0.32768	-86.3978
28300	0.32768	-107.565
28400	0.32768	-94.6056
28500	0.32768	-89.7073
28600	0.32768	-88.919
28700	0.32768	-89.9225
28800	0.32768	-106.916
28900	0.32768	-93.996
29000	0.32768	-94.7506
29100	0.32768	-97.4303
29200	0.32768	-106.892
29300	0.32768	-86.1615
29400	0.32768	-88.7417
29500	0.32768	-94.6117
29600	0.32768	-83.2359
29700	0.32768	-92.9056
29800	0.32768	-93.7753
29900	0.32768	-80.954
30000	0.32768	-91.5917
30100	0.32768	-91.0052
30200	0.32768	-82.7129
30300	0.32768	-98.3462
30400	0.32768	-88.5513
30500	0.32768	-88.3308
30600	0.32768	-92.4345
30700	0.32768	-100.064
30800	0.32768	-106.616
30900	0.32768	-85.5932
31000	0.32768	-99.1651
31100	0.32768	-91.9375
31200	0.32768	-92.9273
31300	0.32768	-95.0756
31400	0.32768	-94.294
31500	0.32768	-98.5577
31600	0.32768	-87.7206
31700	0.32768	-97.266
31800	0.32768	-79.1289
31900	0.32768	-120.89
32000	0.32768	-104.028
32100	0.32768	-110.288
32200	0.32768	-100.704
32300	0.32768	-100.584
32400	0.32768	-97.2095
32500	0.32768	-96.5212
32600	0.32768	-118.025
32700	0.32768	-88.6084
32800	0.32768	-91.4562
32900	0.32768	-90.7349
33000	0.32768	-96.7101
33100	0.32768	-88.3802
33200	0.32768	-106.103
33300	0.32768	-94.6497
33400	0.32768	-99.758
33500	0.32768	-81.3705
33600	0.32768	-83.4908
33700	0.32768	-101.887
33800	0.32768	-93.1281
33900	0.32768	-106.675
34000	0.32768	-93.2654
34100	0.32768	-95.3812
34200	0.32768	-80.179
34300	0.32768	-85.4259
34400	0.32768	-105.037
34500	0.32768	-91.7814
34600	0.32768	-113.379
34700	0.32768	-84.7469
34800	0.32768	-93.0496
34900	0.32768	-82.9589
35000	0.32768	-86.0275
35100	0.32768	-88.8953
35200	0.32768	-87.6455
35300	0.32768	-103.649
35400	0.32768	-88.1571
35500	0.32768	-94.1863
35600	0.32768	-94.6849
35700	0.32768	-101.347
35800	0.32768	-94.6236
35900	0.32768	-86.7945
36000	0.32768	-91.8687
36100	0.32768	-95.9342
36200	0.32768	-95.9825
36300	0.32768	-89.7587
36400	0.32768	-111.717
36500	0.32768	-124.272
36600	0.32768	-84.6866
36700	0.32768	-96.8019
36800	0.32768	-83.4613
36900	0.32768	-92.2337
37000	0.32768	-86.5091
37100	0.32768	-100.083
37200	0.32768	-89.9958
37300	0.32768	-94.8734
37400	0.32768	-79.9029
37500	0.32768	-98.3043
37600	0.32768	-93.2491
37700	0.32768	-95.5074
37800	0.32768	-99.8155
37900	0.32768	-87.473
38000	0.32768	-101.743
38100	0.32768	-92.4136
38200	0.32768	-90.1192
38300	0.32768	-83.951
38400	0.32768	-98.5402
38500	0.32768	-90.6305
38600	0.32768	-97.1149
38700	0.32768	-83.5738
38800	0.32768	-99.1703
38900	0.32768	-88.3572
39000	0.32768	-78.0568
39100	0.32768	-87.4052
39200	0.32768	-99.0246
39300	0.32768	-106.033
39400	0.32768	-82.5413
39500	0.32768	-95.1533
39600	0.32768	-90.8813
39700	0.32768	-89.586
39800	0.32768	-92.179
39900	0.32768	-92.9614
40000	0.32768	-91.5563
40100	0.32768	-104.536
40200	0.32768	-87.1216
40300	0.32768	-99.5755
40400	0.32768	-104.636
40500	0.32768	-91.9595
40600	0.32768	-89.6219
40700	0.32768	-100.445
40800	0.32768	-102.071
40900	0.32768	-93.7527
41000	0.32768	-82.1596
41100	0.32768	-83.7994
41200	0.32768	-99.2604
41300	0.32768	-84.89
41400	0.32768	-111.27
41500	0.32768	-97.2797
41600	0.32768	-94.9376
41700	0.32768	-96.369
41800	0.32768	-94.2749
41900	0.32768	-96.2222
42000	0.32768	-93.8039
42100	0.32768	-97.5932
42200	0.32768	-84.696
42300	0.32768	-90.4681
42400	0.32768	-83.3559
42500	0.32768	-92.8453
42600	0.32768	-112.996
42700	0.32768	-90.5412
42800	0.32768	-91.6082
42900	0.32768	-101.917
43000	0.32768	-96.4509
43100	0.32768	-105.651
43200	0.32768	-95.5951
43300	0.32768	-101.393
43400	0.32768	-112.615
43500	0.32768	-85.2042
43600	0.32768	-85.6655
43700	0.32768	-92.9757
43800	0.32768	-93.245
43900	0.32768	-89.6801
44000	0.32768	-85.48
44100	0.32768	-92.2106
44200	0.32768	-82.7015
44300	0.32768	-98.9745
44400	0.32768	-94.6203
44500	0.32768	-87.7099
44600	0.32768	-98.9262
44700	0.32768	-81.3588
44800	0.32768	-86.7926
44900	0.32768	-93.573
45000	0.32768	-87.3026
45100	0.32768	-83.3772
45200	0.32768	-95.2729
45300	0.32768	-108.121
45400	0.32768	-97.9606
45500	0.32768	-77.588
45600	0.32768	-87.9316
45700	0.32768	-91.2274
45800	0.32768	-93.3147
45900	0.32768	-95.9353
46000	0.32768	-92.5592
46100	0.32768	-97.5648
46200	0.32768	-97.3926
46300	0.32768	-91.781
46400	0.32768	-95.6887
46500	0.32768	-95.2081
46600	0.32768	-90.3965
46700	0.32768	-92.0643
46800	0.32768	-90.8432
46900	0.32768	-90.1874
47000	0.32768	-95.1575
47100	0.32768	-89.9362
47200	0.32768	-106.628
47300	0.32768	-85.0016
47400	0.32768	-86.9136
47500	0.32768	-92.6201
47600	0.32768	-82.1058
47700	0.32768	-79.9899
47800	0.32768	-99.2029
47900	0.32768	-100.7
48000	0.32768	-89.5686
48100	0.32768	-87.633
48200	0.32768	-102.6
48300	0.32768	-90.3578
48400	0.32768	-90.4432
48500	0.32768	-95.5305
48600	0.32768	-93.8381
48700	0.32768	-110.881
48800	0.32768	-82.0214
48900	0.32768	-96.3637
49000	0.32768	-89.9264
49100	0.32768	-82.5003
49200	0.32768	-86.583
49300	0.32768	-101.743
49400	0.32768	-105.837
49500	0.32768	-94.1637
49600	0.32768	-91.6286
49700	0.32768	-84.8769
49800	0.32768	-96.9477
49900	0.32768	-94.1814
50000	0.32768	-101.292
50100	0.32768	-104.139
50200	0.32768	-96.0043
50300	0.32768	-104.267
50400	0.32768	-88.7286
50500	0.32768	-91.4282
50600	0.32768	-88.9192
50700	0.32768	-92.6891
50800	0.32768	-100.844
50900	0.32768	-82.3602
51000	0.32768	-82.1064
51100	0.32768	-81.8073
51200	0.32768	-103.163
51300	0.32768	-87.1863
51400	0.32768	-88.9616
51500	0.32768	-98.2979
51600	0.32768	-86.5716
51700	0.32768	-84.738
51800	0.32768	-94.5649
51900	0.32768	-91.874
52000	0.32768	-122.273
52100	0.32768	-94.1348
52200	0.32768	-91.1898
52300	0.32768	-98.7877
52400	0.32768	-96.9395
52500	0.32768	-114.058
52600	0.32768	-85.9087
52700	0.32768	-89.6018
52800	0.32768	-95.0672
52900	0.32768	-106.789
53000	0.32768	-95.0939
53100	0.32768	-93.8444
53200	0.32768	-105.079
53300	0.32768	-79.9973
53400	0.32768	-84.6334
53500	0.32768	-120.374
53600	0.32768	-87.9401
53700	0.32768	-88.8314
53800	0.32768	-91.7161
53900	0.32768	-92.2933
54000	0.32768	-94.6256
54100	0.32768	-98.9345
54200	0.32768	-86.834
54300	0.32768	-90.9275
54400	0.32768	-85.403
54500	0.32768	-103.771
54600	0.32768	-92.0466
54700	0.32768	-95.2337
54800	0.32768	-93.8367
54900	0.32768	-103.121
55000	0.32768	-92.5874
55100	0.32768	-92.544
55200	0.32768	-91.9027
55300	0.32768	-83.4222
55400	0.32768	-90.1282
55500	0.32768	-87.8382
55600	0.32768	-85.457
55700	0.32768	-87.0211
55800	0.32768	-84.2591
55900	0.32768	-91.7911
56000	0.32768	-94.0114
56100	0.32768	-93.1685
56200	0.32768	-97.2885
56300	0.32768	-106.556
56400	0.32768	-107.76
56500	0.32768	-86.6824
56600	0.32768	-100.709
56700	0.32768	-86.097
56800	0.32768	-86.8616
56900	0.32768	-85.6778
57000	0.32768	-89.2245
57100	0.32768	-93.3055
57200	0.32768	-88.5077
57300	0.32768	-99.3129
57400	0.32768	-106.502
57500	0.32768	-98.2901
57600	0.32768	-98.5648
57700	0.32768	-87.3054
57800	0.32768	-86.639
57900	0.32768	-88.5933
58000	0.32768	-89.5054
58100	0.32768	-111.263
58200	0.32768	-91.0143
58300	0.32768	-98.8034
58400	0.32768	-88.4832
58500	0.32768	-98.6765
58600	0.32768	-92.2964
58700	0.32768	-95.2367
58800	0.32768	-90.2438
58900	0.32768	-82.1151
59000	0.32768	-96.7093
59100	0.32768	-98.9472
59200	0.32768	-106.485
59300	0.32768	-90.9102
59400	0.32768	-96.1609
59500	0.32768	-93.5893
59600	0.32768	-87.3557
59700	0.32768	-103.533
59800	0.32768	-97.4587
59900	0.32768	-97.7192
60000	0.32768	-96.1226
60100	0.32768	-85.7355
60200	0.32768	-90.9312
60300	0.32768	-81.4258
60400	0.32768	-92.1694
60500	0.32768	-83.2213
60600	0.32768	-87.3601
60700	0.32768	-88.4013
60800	0.32768	-87.8522
60900	0.32768	-101.68
61000	0.32768	-110.075
61100	0.32768	-92.5467
61200	0.32768	-89.8473
61300	0.32768	-88.1899
61400	0.32768	-90.1328
61500	0.32768	-91.4438
61600	0.32768	-80.4508
61700	0.32768	-101.331
61800	0.32768	-89.1933
61900	0.32768	-86.9125
62000	0.32768	-107.923
62100	0.32768	-98.7121
62200	0.32768	-89.5087
62300	0.32768	-87.2113
62400	0.32768	-95.5854
62500	0.32768	-92.0299
62600	0.32768	-90.8198
62700	0.32768	-96.3307
62800	0.32768	-92.9583
62900	0.32768	-93.2066
63000	0.32768	-88.1041
63100	0.32768	-101.281
63200	0.32768	-93.6415
63300	0.32768	-113.46
63400	0.32768	-86.5649
63500	0.32768	-78.7705
63600	0.32768	-99.8941
63700	0.32768	-89.3525
63800	0.32768	-87.7083
63900	0.32768	-95.251
64000	0.32768	-101.452
64100	0.32768	-87.474
64200	0.32768	-101.613
64300	0.32768	-104.198
64400	0.32768	-83.5164
64500	0.32768	-110.94
64600	0.32768	-90.7417
64700	0.32768	-98.6966
64800	0.32768	-101.388
64900	0.32768	-93.4858
65000	0.32768	-87.6378
65100	0.32768	-106.786
65200	0.32768	-90.6119
65300	0.32768	-86.8193
65400	0.32768	-80.988
65500	0.32768	-86.25
65600	0.32768	-88.6856
65700	0.32768	-89.6568
65800	0.32768	-87.9776
65900	0.32768	-85.7526
66000	0.32768	-96.1175
66100	0.32768	-84.0115
66200	0.32768	-86.3254
66300	0.32768	-95.9873
66400	0.32768	-92.5055
66500	0.32768	-91.6522
66600	0.32768	-117.655
66700	0.32768	-84.4317
66800	0.32768	-80.0424
66900	0.32768	-91.2673
67000	0.32768	-96.4625
67100	0.32768	-97.6779
67200	0.32768	-103.353
67300	0.32768	-95.4132
67400	0.32768	-94.3135
67500	0.32768	-86.2158
67600	0.32768	-95.5721
67700	0.32768	-113.877
67800	0.32768	-91.5884
67900	0.32768	-91.959
68000	0.32768	-89.1388
68100	0.32768	-93.4825
68200	0.32768	-95.6963
68300	0.32768	-89.1884
68400	0.32768	-90.9601
68500	0.32768	-88.2872
68600	0.32768	-91.6664
68700	0.32768	-90.8981
68800	0.32768	-100.164
68900	0.32768	-104.727
69000	0.32768	-95.0039
69100	0.32768	-86.0918
69200	0.32768	-87.2573
69300	0.32768	-89.2354
69400	0.32768	-95.2691
69500	0.32768	-90.1312
69600	0.32768	-92.2147
69700	0.32768	-93.3538
69800	0.32768	-92.0128
69900	0.32768	-100.84
70000	0.32768	-97.0598
70100	0.32768	-87.0662
70200	0.32768	-96.0294
70300	0.32768	-87.592
70400	0.32768	-90.5829
70500	0.32768	-117.19
70600	0.32768	-86.0335
70700	0.32768	-84.7285
70800	0.32768	-86.8742
70900	0.32768	-94.6801
71000	0.32768	-104.986
71100	0.32768	-89.4549
71200	0.32768	-103.293
71300	0.32768	-87.1097
71400	0.32768	-91.9214
71500	0.32768	-106.334
71600	0.32768	-97.6815
71700	0.32768	-98.1737
71800	0.32768	-93.0156
71900	0.32768	-96.5504
72000	0.32768	-87.7882
72100	0.32768	-82.4024
72200	0.32768	-95.0044
72300	0.32768	-94.0983
72400	0.32768	-81.4167
72500	0.32768	-91.5324
72600	0.32768	-97.0916
72700	0.32768	-85.1999
72800	0.32768	-102.255
72900	0.32768	-105.119
73000	0.32768	-82.8827
73100	0.32768	-99.8479
73200	0.32768	-99.0228
73300	0.32768	-94.7374
73400	0.32768	-89.0772
73500	0.32768	-92.2455
73600	0.32768	-88.7573
73700	0.32768	-77.0168
73800	0.32768	-87.2503
73900	0.32768	-96.1325
74000	0.32768	-87.7814
74100	0.32768	-98.7874
74200	0.32768	-85.6286
74300	0.32768	-97.9928
74400	0.32768	-85.0616
74500	0.32768	-105.137
74600	0.32768	-93.6381
74700	0.32768	-97.4973
74800	0.32768	-88.6968
74900	0.32768	-110.323
75000	0.32768	-93.6916
75100	0.32768	-96.7065
75200	0.32768	-94.8514
75300	0.32768	-99.0425
75400	0.32768	-98.4632
75500	0.32768	-93.4259
75600	0.32768	-96.238
75700	0.32768	-118.369
75800	0.32768	-82.6784
75900	0.32768	-90.2057
76000	0.32768	-98.3547
76100	0.32768	-88.0543
76200	0.32768	-91.208
76300	0.32768	-88.4963
76400	0.32768	-89.5744
76500	0.32768	-91.7897
76600	0.32768	-85.9164
76700	0.32768	-88.4757
76800	0.32768	-108.445
76900	0.32768	-87.239
77000	0.32768	-98.9733
77100	0.32768	-81.199
77200	0.32768	-95.3812
77300	0.32768	-104.468
77400	0.32768	-94.6208
77500	0.32768	-96.9545
77600	0.32768	-90.7616
77700	0.32768	-95.9999
77800	0.32768	-99.1259
77900	0.32768	-82.572
78000	0.32768	-105.471
78100	0.32768	-93.3262
78200	0.32768	-114.888
78300	0.32768	-85.4707
78400	0.32768	-87.2513
78500	0.32768	-118.928
78600	0.32768	-111.438
78700	0.32768	-87.4478
78800	0.32768	-99.0785
78900	0.32768	-84.5444
79000	0.32768	-82.4525
79100	0.32768	-99.5105
79200	0.32768	-91.7389
79300	0.32768	-97.3078
79400	0.32768	-98.3738
79500	0.32768	-88.6777
79600	0.32768	-83.3473
79700	0.32768	-106.039
79800	0.32768	-84.0581
79900	0.32768	-94.441
80000	0.32768	-101.747
80100	0.32768	-78.1028
80200	0.32768	-85.7762
80300	0.32768	-101.972
80400	0.32768	-94.8974
80500	0.32768	-99.3953
80600	0.32768	-93.81
80700	0.32768	-97.2331
80800	0.32768	-90.594
80900	0.32768	-89.0878
81000	0.32768	-89.0378
81100	0.32768	-89.6894
81200	0.32768	-90.3266
81300	0.32768	-104.788
81400	0.32768	-97.4012
81500	0.32768	-88.0929
81600	0.32768	-90.1298
81700	0.32768	-94.782
81800	0.32768	-102.054
81900	0.32768	-79.8445
82000	0.32768	-83.0743
82100	0.32768	-91.5615
82200	0.32768	-109.678
82300	0.32768	-93.9324
82400	0.32768	-99.0627
82500	0.32768	-92.6575
82600	0.32768	-93.785
82700	0.32768	-82.1853
82800	0.32768	-98.6537
82900	0.32768	-111.299
83000	0.32768	-90.467
83100	0.32768	-90.1373
83200	0.32768	-82.1419
83300	0.32768	-103.533
83400	0.32768	-105.382
83500	0.32768	-87.2853
83600	0.32768	-109.919
83700	0.32768	-97.5115
83800	0.32768	-96.6348
83900	0.32768	-101.633
84000	0.32768	-88.6597
84100	0.32768	-86.7894
84200	0.32768	-91.9653
84300	0.32768	-110.34
84400	0.32768	-98.958
84500	0.32768	-91.8755
84600	0.32768	-115.742
84700	0.32768	-85.7099
84800	0.32768	-102.944
84900	0.32768	-82.6665
85000	0.32768	-102.78
85100	0.32768	-84.9719
85200	0.32768	-86.704
85300	0.32768	-109.379
85400	0.32768	-99.0094
85500	0.32768	-89.5652
85600	0.32768	-86.6591
85700	0.32768	-91.4626
85800	0.32768	-86.5428
85900	0.32768	-85.7721
86000	0.32768	-85.989
86100	0.32768	-103.136
86200	0.32768	-97.4916
86300	0.32768	-88.9218
86400	0.32768	-106.032
86500	0.32768	-86.6312
86600	0.32768	-86.8611
86700	0.32768	-92.0861
86800	0.32768	-90.1389
86900	0.32768	-105.244
87000	0.32768	-103.38
87100	0.32768	-97.9237
87200	0.32768	-92.9355
87300	0.32768	-99.7231
87400	0.32768	-83.0586
87500	0.32768	-95.3047
87600	0.32768	-87.7194
87700	0.32768	-94.8733
87800	0.32768	-91.669
87900	0.32768	-103.428
88000	0.32768	-87.6667
88100	0.32768	-97.7465
88200	0.32768	-98.5599
88300	0.32768	-90.7292
88400	0.32768	-87.7868
88500	0.32768	-95.0848
88600	0.32768	-87.7261
88700	0.32768	-92.9684
88800	0.32768	-101.599
88900	0.32768	-83.8719
89000	0.32768	-84.5391
89100	0.32768	-117.052
89200	0.32768	-84.8691
89300	0.32768	-93.1983
89400	0.32768	-95.4496
89500	0.32768	-87.3275
89600	0.32768	-102.208
89700	0.32768	-93.9908
89800	0.32768	-96.0645
89900	0.32768	-87.4982
90000	0.32768	-97.8556
90100	0.32768	-88.1643
90200	0.32768	-95.5258
90300	0.32768	-108.465
90400	0.32768	-95.7363
90500	0.32768	-104.543
90600	0.32768	-92.8447
90700	0.32768	-86.8772
90800	0.32768	-83.8971
90900	0.32768	-102.614
91000	0.32768	-92.8586
91100	0.32768	-92.8501
91200	0.32768	-99.2222
91300	0.32768	-93.0904
91400	0.32768	-113.106
91500	0.32768	-94.555
91600	0.32768	-96.9759
91700	0.32768	-95.0352
91800	0.32768	-90.1457
91900	0.32768	-100.08
92000	0.32768	-96.9842
92100	0.32768	-100.768
92200	0.32768	-94.5443
92300	0.32768	-92.7031
92400	0.32768	-97.9903
92500	0.32768	-94.7193
92600	0.32768	-99.7091
92700	0.32768	-100.787
92800	0.32768	-83.1946
92900	0.32768	-96.7169
93000	0.32768	-90.5233
93100	0.32768	-81.575
93200	0.32768	-91.476
93300	0.32768	-104.142
93400	0.32768	-98.5795
93500	0.32768	-84.9337
93600	0.32768	-91.252
93700	0.32768	-96.627
93800	0.32768	-100.423
93900	0.32768	-89.473
94000	0.32768	-95.2129
94100	0.32768	-89.7536
94200	0.32768	-82.3919
94300	0.32768	-85.8758
94400	0.32768	-83.7266
94500	0.32768	-93.3951
94600	0.32768	-92.3547
94700	0.32768	-109.868
94800	0.32768	-82.4265
94900	0.32768	-97.8979
95000	0.32768	-83.7028
95100	0.32768	-92.2293
95200	0.32768	-83.521
95300	0.32768	-95.2401
95400	0.32768	-91.2353
95500	0.32768	-106.915
95600	0.32768	-87.3234
95700	0.32768	-100.147
95800	0.32768	-100.262
95900	0.32768	-88.5601
96000	0.32768	-92.605
96100	0.32768	-80.5718
96200	0.32768	-90.1994
96300	0.32768	-86.5477
96400	0.32768	-94.3949
96500	0.32768	-92.6293
96600	0.32768	-95.7961
96700	0.32768	-107.398
96800	0.32768	-96.2747
96900	0.32768	-100.018
97000	0.32768	-95.8803
97100	0.32768	-85.3063
97200	0.32768	-92.3831
97300	0.32768	-100.213
97400	0.32768	-90.8523
97500	0.32768	-91.8012
97600	0.32768	-84.5795
97700	0.32768	-81.7305
97800	0.32768	-94.1202
97900	0.32768	-88.6196
98000	0.32768	-96.1668
98100	0.32768	-89.63
98200	0.32768	-86.1692
98300	0.32768	-88.3714
98400	0.32768	-86.9963
98500	0.32768	-112.534
98600	0.32768	-89.0674
98700	0.32768	-87.1336
98800	0.32768	-95.5968
98900	0.32768	-96.6128
99000	0.32768	-93.7843
99100	0.32768	-94.116
99200	0.32768	-87.4027
99300	0.32768	-103.7
99400	0.32768	-110.626
99500	0.32768	-83.2626
99600	0.32768	-89.9696
99700	0.32768	-94.5131
99800	0.32768	-90.8909
99900	0.32768	-84.1873
100000	0.32768	-100.999
