state	power	likelihood
25100	0.00032	-134.563
25200	0.00032	-136.01
25300	0.00032	-161.735
25400	0.00032	-155.009
25500	0.00032	-145.738
25600	0.00032	-133.257
25700	0.00032	-141.719
25800	0.00032	-137.469
25900	0.00032	-147.19
26000	0.00032	-146.733
26100	0.00032	-125.706
26200	0.00032	-154.368
26300	0.00032	-166.303
26400	0.00032	-143.996
26500	0.00032	-135.695
26600	0.00032	-150.215
26700	0.00032	-115.858
26800	0.00032	-133.355
26900	0.00032	-137.989
27000	0.00032	-130.526
27100	0.00032	-128.427
27200	0.00032	-141.179
27300	0.00032	-160.857
27400	0.00032	-141.656
27500	0.00032	-173.647
27600	0.00032	-154.437
27700	0.00032	-124.442
27800	0.00032	-177.262
27900	0.00032	-146.331
28000	0.00032	-133.429
28100	0.00032	-118.975
28200	0.00032	-118.192
28300	0.00032	-128.851
28400	0.00032	-132.139
28500	0.00032	-139.936
28600	0.00032	-188.062
28700	0.00032	-150.338
28800	0.00032	-143.234
28900	0.00032	-149.968
29000	0.00032	-146.304
29100	0.00032	-124.588
29200	0.00032	-156.407
29300	0.00032	-156.168
29400	0.00032	-153.547
29500	0.00032	-150.91
29600	0.00032	-143.014
29700	0.00032	-141.484
29800	0.00032	-147.183
29900	0.00032	-134.944
30000	0.00032	-134.653
30100	0.00032	-148.595
30200	0.00032	-126.739
30300	0.00032	-134.541
30400	0.00032	-122.721
30500	0.00032	-144.688
30600	0.00032	-124.804
30700	0.00032	-138.429
30800	0.00032	-145.919
30900	0.00032	-167.927
31000	0.00032	-154.406
31100	0.00032	-153.426
31200	0.00032	-150.429
31300	0.00032	-128.813
31400	0.00032	-157.697
31500	0.00032	-124.676
31600	0.00032	-163.673
31700	0.00032	-148.122
31800	0.00032	-146.699
31900	0.00032	-158.425
32000	0.00032	-138.121
32100	0.00032	-157.549
32200	0.00032	-165.23
32300	0.00032	-153.674
32400	0.00032	-126.7
32500	0.00032	-149.511
32600	0.00032	-156.606
32700	0.00032	-143.705
32800	0.00032	-120.997
32900	0.00032	-137.263
33000	0.00032	-121.713
33100	0.00032	-154.383
33200	0.00032	-115.661
33300	0.00032	-141.474
33400	0.00032	-157.401
33500	0.00032	-124.195
33600	0.00032	-148.257
33700	0.00032	-164.982
33800	0.00032	-134.887
33900	0.00032	-174.854
34000	0.00032	-137.32
34100	0.00032	-125.885
34200	0.00032	-142.083
34300	0.00032	-140.691
34400	0.00032	-153.511
34500	0.00032	-132.082
34600	0.00032	-127.35
34700	0.00032	-140.124
34800	0.00032	-131.289
34900	0.00032	-136.932
35000	0.00032	-141.94
35100	0.00032	-130.05
35200	0.00032	-126.51
35300	0.00032	-176.396
35400	0.00032	-128.552
35500	0.00032	-158.404
35600	0.00032	-124.554
35700	0.00032	-113.008
35800	0.00032	-149.304
35900	0.00032	-144.146
36000	0.00032	-146.397
36100	0.00032	-148.646
36200	0.00032	-156.78
36300	0.00032	-162.152
36400	0.00032	-123.163
36500	0.00032	-127.001
36600	0.00032	-153.173
36700	0.00032	-104.275
36800	0.00032	-146.462
36900	0.00032	-135.9
37000	0.00032	-147.845
37100	0.00032	-147.861
37200	0.00032	-129.237
37300	0.00032	-154.646
37400	0.00032	-155.808
37500	0.00032	-117.062
37600	0.00032	-138.958
37700	0.00032	-165.074
37800	0.00032	-135.261
37900	0.00032	-148.103
38000	0.00032	-141.707
38100	0.00032	-145.837
38200	0.00032	-132.051
38300	0.00032	-117.974
38400	0.00032	-127.518
38500	0.00032	-139.189
38600	0.00032	-139.003
38700	0.00032	-157.678
38800	0.00032	-131.239
38900	0.00032	-147.984
39000	0.00032	-141.273
39100	0.00032	-152.717
39200	0.00032	-139.942
39300	0.00032	-142.632
39400	0.00032	-139.492
39500	0.00032	-135.529
39600	0.00032	-130.421
39700	0.00032	-170.539
39800	0.00032	-150.829
39900	0.00032	-143.56
40000	0.00032	-122.922
40100	0.00032	-162.049
40200	0.00032	-128.263
40300	0.00032	-114.974
40400	0.00032	-128.563
40500	0.00032	-172.071
40600	0.00032	-124.678
40700	0.00032	-135.497
40800	0.00032	-144.582
40900	0.00032	-150.725
41000	0.00032	-126.965
41100	0.00032	-154.4
41200	0.00032	-153.22
41300	0.00032	-120.369
41400	0.00032	-150.772
41500	0.00032	-148.494
41600	0.00032	-126.465
41700	0.00032	-158.282
41800	0.00032	-117.269
41900	0.00032	-174.621
42000	0.00032	-147.983
42100	0.00032	-138.11
42200	0.00032	-120.22
42300	0.00032	-130.099
42400	0.00032	-139.187
42500	0.00032	-120.392
42600	0.00032	-129.24
42700	0.00032	-122.646
42800	0.00032	-147.494
42900	0.00032	-127.502
43000	0.00032	-122.244
43100	0.00032	-154.569
43200	0.00032	-151.799
43300	0.00032	-148.831
43400	0.00032	-139.695
43500	0.00032	-131.653
43600	0.00032	-141.394
43700	0.00032	-149.327
43800	0.00032	-118.752
43900	0.00032	-169.502
44000	0.00032	-150.511
44100	0.00032	-153.121
44200	0.00032	-159.709
44300	0.00032	-142.466
44400	0.00032	-172.708
44500	0.00032	-108.043
44600	0.00032	-150.461
44700	0.00032	-135.364
44800	0.00032	-151.948
44900	0.00032	-119.647
45000	0.00032	-145.406
45100	0.00032	-134.008
45200	0.00032	-147.961
45300	0.00032	-141.258
45400	0.00032	-154.528
45500	0.00032	-140.069
45600	0.00032	-138.657
45700	0.00032	-146.389
45800	0.00032	-142.981
45900	0.00032	-138.02
46000	0.00032	-135.408
46100	0.00032	-150.96
46200	0.00032	-153.39
46300	0.00032	-139.88
46400	0.00032	-129.587
46500	0.00032	-141.421
46600	0.00032	-156.248
46700	0.00032	-126.83
46800	0.00032	-139.32
46900	0.00032	-132.753
47000	0.00032	-140.392
47100	0.00032	-126.632
47200	0.00032	-136.322
47300	0.00032	-151.774
47400	0.00032	-157.878
47500	0.00032	-140.192
47600	0.00032	-156.188
47700	0.00032	-123.118
47800	0.00032	-147.177
47900	0.00032	-160.98
48000	0.00032	-122.215
48100	0.00032	-130.865
48200	0.00032	-147.401
48300	0.00032	-151.251
48400	0.00032	-154.794
48500	0.00032	-129.445
48600	0.00032	-139.813
48700	0.00032	-193.092
48800	0.00032	-163.035
48900	0.00032	-140.095
49000	0.00032	-162.984
49100	0.00032	-145.56
49200	0.00032	-127.252
49300	0.00032	-131.609
49400	0.00032	-162.426
49500	0.00032	-168.645
49600	0.00032	-135.011
49700	0.00032	-129.58
49800	0.00032	-147.791
49900	0.00032	-137.256
50000	0.00032	-144.703
50100	0.00032	-164.877
50200	0.00032	-147.781
50300	0.00032	-170.563
50400	0.00032	-123.54
50500	0.00032	-114.317
50600	0.00032	-140.665
50700	0.00032	-151.668
50800	0.00032	-135.11
50900	0.00032	-138.51
51000	0.00032	-133.418
51100	0.00032	-156.962
51200	0.00032	-154.257
51300	0.00032	-135.556
51400	0.00032	-150.899
51500	0.00032	-138.692
51600	0.00032	-142.677
51700	0.00032	-179.906
51800	0.00032	-141.916
51900	0.00032	-145.845
52000	0.00032	-156.354
52100	0.00032	-140.077
52200	0.00032	-173.854
52300	0.00032	-137.981
52400	0.00032	-159.905
52500	0.00032	-142.451
52600	0.00032	-128.753
52700	0.00032	-115.244
52800	0.00032	-152.772
52900	0.00032	-138.971
53000	0.00032	-150.153
53100	0.00032	-134.077
53200	0.00032	-127.191
53300	0.00032	-156.432
53400	0.00032	-137.865
53500	0.00032	-138.423
53600	0.00032	-159.132
53700	0.00032	-179.929
53800	0.00032	-129.739
53900	0.00032	-143.123
54000	0.00032	-151.559
54100	0.00032	-132.426
54200	0.00032	-129.471
54300	0.00032	-143.951
54400	0.00032	-134.068
54500	0.00032	-147.655
54600	0.00032	-152.831
54700	0.00032	-145.697
54800	0.00032	-133.619
54900	0.00032	-127.083
55000	0.00032	-137.319
55100	0.00032	-133.314
55200	0.00032	-150.945
55300	0.00032	-143.891
55400	0.00032	-150.095
55500	0.00032	-131.649
55600	0.00032	-132.972
55700	0.00032	-142.252
55800	0.00032	-123.333
55900	0.00032	-145.444
56000	0.00032	-138.027
56100	0.00032	-137.342
56200	0.00032	-121.467
56300	0.00032	-130.978
56400	0.00032	-173.971
56500	0.00032	-136.764
56600	0.00032	-154.117
56700	0.00032	-150.463
56800	0.00032	-159.365
56900	0.00032	-123.639
57000	0.00032	-130.425
57100	0.00032	-139.254
57200	0.00032	-148.888
57300	0.00032	-139.034
57400	0.00032	-155.365
57500	0.00032	-124.246
57600	0.00032	-142.438
57700	0.00032	-140.704
57800	0.00032	-106.191
57900	0.00032	-153.763
58000	0.00032	-122.708
58100	0.00032	-143.623
58200	0.00032	-201.377
58300	0.00032	-138.042
58400	0.00032	-133.307
58500	0.00032	-177.604
58600	0.00032	-154.19
58700	0.00032	-142.503
58800	0.00032	-137.181
58900	0.00032	-113.619
59000	0.00032	-126.468
59100	0.00032	-122.459
59200	0.00032	-151.102
59300	0.00032	-126.495
59400	0.00032	-144.905
59500	0.00032	-149.477
59600	0.00032	-157.435
59700	0.00032	-121.937
59800	0.00032	-126.435
59900	0.00032	-167.316
60000	0.00032	-142.666
60100	0.00032	-146.407
60200	0.00032	-122.543
60300	0.00032	-119.369
60400	0.00032	-121.83
60500	0.00032	-151.632
60600	0.00032	-125
60700	0.00032	-161.536
60800	0.00032	-120.925
60900	0.00032	-169.671
61000	0.00032	-162.363
61100	0.00032	-127.708
61200	0.00032	-148.44
61300	0.00032	-147.487
61400	0.00032	-147.416
61500	0.00032	-137.791
61600	0.00032	-135.947
61700	0.00032	-131.603
61800	0.00032	-179.752
61900	0.00032	-177.007
62000	0.00032	-180.158
62100	0.00032	-141.857
62200	0.00032	-140.193
62300	0.00032	-115.899
62400	0.00032	-136.556
62500	0.00032	-141.172
62600	0.00032	-151.193
62700	0.00032	-138.819
62800	0.00032	-123.609
62900	0.00032	-130.515
63000	0.00032	-146.223
63100	0.00032	-144.055
63200	0.00032	-139.309
63300	0.00032	-130.073
63400	0.00032	-126.79
63500	0.00032	-135.454
63600	0.00032	-129.332
63700	0.00032	-150.538
63800	0.00032	-138.717
63900	0.00032	-144.641
64000	0.00032	-135.123
64100	0.00032	-134.969
64200	0.00032	-137.342
64300	0.00032	-151.243
64400	0.00032	-158.806
64500	0.00032	-134.099
64600	0.00032	-112.42
64700	0.00032	-145.482
64800	0.00032	-128.679
64900	0.00032	-127.44
65000	0.00032	-135.539
65100	0.00032	-137.551
65200	0.00032	-123.803
65300	0.00032	-113.405
65400	0.00032	-163.497
65500	0.00032	-143.298
65600	0.00032	-140.722
65700	0.00032	-151.365
65800	0.00032	-134.367
65900	0.00032	-126.655
66000	0.00032	-120.375
66100	0.00032	-142.808
66200	0.00032	-146.55
66300	0.00032	-159.73
66400	0.00032	-134.445
66500	0.00032	-133.364
66600	0.00032	-133.574
66700	0.00032	-140.046
66800	0.00032	-141.83
66900	0.00032	-131.733
67000	0.00032	-128.729
67100	0.00032	-158.313
67200	0.00032	-147.593
67300	0.00032	-136.623
67400	0.00032	-144.163
67500	0.00032	-167.161
67600	0.00032	-147.116
67700	0.00032	-165.404
67800	0.00032	-145.679
67900	0.00032	-162.587
68000	0.00032	-149.422
68100	0.00032	-135.204
68200	0.00032	-114.005
68300	0.00032	-132.098
68400	0.00032	-128.728
68500	0.00032	-142.27
68600	0.00032	-191.051
68700	0.00032	-108.778
68800	0.00032	-128.736
68900	0.00032	-141.711
69000	0.00032	-138.892
69100	0.00032	-173.601
69200	0.00032	-122.89
69300	0.00032	-152.13
69400	0.00032	-138.568
69500	0.00032	-142.267
69600	0.00032	-127.246
69700	0.00032	-119.957
69800	0.00032	-129.426
69900	0.00032	-143.828
70000	0.00032	-163.438
70100	0.00032	-130.77
70200	0.00032	-142.133
70300	0.00032	-166.671
70400	0.00032	-138.755
70500	0.00032	-174.407
70600	0.00032	-130.423
70700	0.00032	-133.494
70800	0.00032	-149.455
70900	0.00032	-134.014
71000	0.00032	-132.082
71100	0.00032	-147.404
71200	0.00032	-168.807
71300	0.00032	-128.003
71400	0.00032	-141.785
71500	0.00032	-146.943
71600	0.00032	-155.805
71700	0.00032	-122.537
71800	0.00032	-181.639
71900	0.00032	-143.915
72000	0.00032	-182.023
72100	0.00032	-155.012
72200	0.00032	-145.115
72300	0.00032	-132.926
72400	0.00032	-152.589
72500	0.00032	-140.086
72600	0.00032	-115.498
72700	0.00032	-129.119
72800	0.00032	-137.154
72900	0.00032	-124.335
73000	0.00032	-133.674
73100	0.00032	-115.544
73200	0.00032	-117.379
73300	0.00032	-127.523
73400	0.00032	-156.712
73500	0.00032	-129.732
73600	0.00032	-135.643
73700	0.00032	-155.84
73800	0.00032	-135.542
73900	0.00032	-120.321
74000	0.00032	-151.547
74100	0.00032	-157.179
74200	0.00032	-160.502
74300	0.00032	-145.106
74400	0.00032	-149.268
74500	0.00032	-147.367
74600	0.00032	-149.05
74700	0.00032	-122.596
74800	0.00032	-120.637
74900	0.00032	-135.318
75000	0.00032	-125.974
75100	0.00032	-145.111
75200	0.00032	-139.582
75300	0.00032	-133.699
75400	0.00032	-164.443
75500	0.00032	-170.065
75600	0.00032	-146.778
75700	0.00032	-158.891
75800	0.00032	-124.519
75900	0.00032	-162.324
76000	0.00032	-106.737
76100	0.00032	-125.488
76200	0.00032	-155.024
76300	0.00032	-126.726
76400	0.00032	-168.312
76500	0.00032	-184.202
76600	0.00032	-129.417
76700	0.00032	-168.28
76800	0.00032	-120.139
76900	0.00032	-160.069
77000	0.00032	-134.012
77100	0.00032	-128.245
77200	0.00032	-142.206
77300	0.00032	-137.754
77400	0.00032	-147.506
77500	0.00032	-133.088
77600	0.00032	-150.486
77700	0.00032	-127.473
77800	0.00032	-159.784
77900	0.00032	-129.039
78000	0.00032	-127.677
78100	0.00032	-165.242
78200	0.00032	-147.719
78300	0.00032	-131.878
78400	0.00032	-125.989
78500	0.00032	-131.603
78600	0.00032	-159.569
78700	0.00032	-160.035
78800	0.00032	-143.058
78900	0.00032	-155.678
79000	0.00032	-106.989
79100	0.00032	-136.616
79200	0.00032	-148.467
79300	0.00032	-140.401
79400	0.00032	-134.311
79500	0.00032	-148.283
79600	0.00032	-122.37
79700	0.00032	-158.559
79800	0.00032	-155.701
79900	0.00032	-163.242
80000	0.00032	-146.549
80100	0.00032	-139.563
80200	0.00032	-161.454
80300	0.00032	-159.947
80400	0.00032	-144.55
80500	0.00032	-176.43
80600	0.00032	-143.534
80700	0.00032	-148.781
80800	0.00032	-140.418
80900	0.00032	-126.843
81000	0.00032	-153.397
81100	0.00032	-153.495
81200	0.00032	-142.468
81300	0.00032	-132.636
81400	0.00032	-125.371
81500	0.00032	-123.844
81600	0.00032	-128.19
81700	0.00032	-231.516
81800	0.00032	-120.698
81900	0.00032	-147.807
82000	0.00032	-135.854
82100	0.00032	-152.294
82200	0.00032	-164.489
82300	0.00032	-130.47
82400	0.00032	-162.426
82500	0.00032	-169.989
82600	0.00032	-167.377
82700	0.00032	-124.415
82800	0.00032	-139.864
82900	0.00032	-131.569
83000	0.00032	-150.973
83100	0.00032	-137.203
83200	0.00032	-139.276
83300	0.00032	-158.751
83400	0.00032	-151.33
83500	0.00032	-149.438
83600	0.00032	-114.779
83700	0.00032	-167.022
83800	0.00032	-167.636
83900	0.00032	-145.741
84000	0.00032	-152.261
84100	0.00032	-140.788
84200	0.00032	-143.04
84300	0.00032	-129.017
84400	0.00032	-141.682
84500	0.00032	-187.304
84600	0.00032	-144.577
84700	0.00032	-139.032
84800	0.00032	-150.631
84900	0.00032	-132.71
85000	0.00032	-158.821
85100	0.00032	-152.72
85200	0.00032	-138.55
85300	0.00032	-120.289
85400	0.00032	-137.802
85500	0.00032	-154.034
85600	0.00032	-139.592
85700	0.00032	-154.451
85800	0.00032	-140.184
85900	0.00032	-149.275
86000	0.00032	-144.217
86100	0.00032	-132.602
86200	0.00032	-163.257
86300	0.00032	-142.611
86400	0.00032	-156.665
86500	0.00032	-118.81
86600	0.00032	-156.514
86700	0.00032	-160.558
86800	0.00032	-134.773
86900	0.00032	-139.068
87000	0.00032	-158.52
87100	0.00032	-139.697
87200	0.00032	-122.85
87300	0.00032	-172.802
87400	0.00032	-131.233
87500	0.00032	-157.824
87600	0.00032	-145.335
87700	0.00032	-159.055
87800	0.00032	-132.609
87900	0.00032	-145.203
88000	0.00032	-118.079
88100	0.00032	-150.266
88200	0.00032	-168.124
88300	0.00032	-125.684
88400	0.00032	-202.897
88500	0.00032	-132.546
88600	0.00032	-133.679
88700	0.00032	-140.593
88800	0.00032	-151.794
88900	0.00032	-145.89
89000	0.00032	-138.973
89100	0.00032	-125.593
89200	0.00032	-140.979
89300	0.00032	-152.029
89400	0.00032	-118.132
89500	0.00032	-169.943
89600	0.00032	-149.397
89700	0.00032	-133.016
89800	0.00032	-167.858
89900	0.00032	-124.286
90000	0.00032	-153.431
90100	0.00032	-152.536
90200	0.00032	-138.413
90300	0.00032	-157.611
90400	0.00032	-117.671
90500	0.00032	-131.661
90600	0.00032	-140.472
90700	0.00032	-155.856
90800	0.00032	-146.278
90900	0.00032	-152.531
91000	0.00032	-123.936
91100	0.00032	-144.667
91200	0.00032	-144.47
91300	0.00032	-149.516
91400	0.00032	-113.086
91500	0.00032	-134.646
91600	0.00032	-134.594
91700	0.00032	-123.715
91800	0.00032	-143.439
91900	0.00032	-168.086
92000	0.00032	-136.912
92100	0.00032	-140.002
92200	0.00032	-164.559
92300	0.00032	-133.269
92400	0.00032	-148.756
92500	0.00032	-179.956
92600	0.00032	-153.786
92700	0.00032	-149.592
92800	0.00032	-157.839
92900	0.00032	-125.935
93000	0.00032	-148.565
93100	0.00032	-139.057
93200	0.00032	-152.953
93300	0.00032	-167.957
93400	0.00032	-143.122
93500	0.00032	-133.015
93600	0.00032	-135.313
93700	0.00032	-151.206
93800	0.00032	-127.164
93900	0.00032	-124.8
94000	0.00032	-161.732
94100	0.00032	-124.744
94200	0.00032	-113.181
94300	0.00032	-174.324
94400	0.00032	-144.144
94500	0.00032	-148.298
94600	0.00032	-127.275
94700	0.00032	-164.741
94800	0.00032	-175.239
94900	0.00032	-164.951
95000	0.00032	-144.525
95100	0.00032	-168.331
95200	0.00032	-150.13
95300	0.00032	-159.185
95400	0.00032	-129.736
95500	0.00032	-126.984
95600	0.00032	-138.09
95700	0.00032	-140.861
95800	0.00032	-138.449
95900	0.00032	-143.682
96000	0.00032	-157.769
96100	0.00032	-137.333
96200	0.00032	-169.817
96300	0.00032	-143.192
96400	0.00032	-154.975
96500	0.00032	-163.367
96600	0.00032	-140.943
96700	0.00032	-130.956
96800	0.00032	-149.096
96900	0.00032	-129.631
97000	0.00032	-149.426
97100	0.00032	-151.003
97200	0.00032	-138.717
97300	0.00032	-140.991
97400	0.00032	-193.61
97500	0.00032	-114.059
97600	0.00032	-131.554
97700	0.00032	-139.807
97800	0.00032	-134.335
97900	0.00032	-128.815
98000	0.00032	-146.683
98100	0.00032	-137.312
98200	0.00032	-135.591
98300	0.00032	-122.54
98400	0.00032	-127.605
98500	0.00032	-159.894
98600	0.00032	-149.512
98700	0.00032	-139.716
98800	0.00032	-153.801
98900	0.00032	-177.591
99000	0.00032	-143.519
99100	0.00032	-118.177
99200	0.00032	-163.772
99300	0.00032	-157.457
99400	0.00032	-157.362
99500	0.00032	-149.941
99600	0.00032	-152.647
99700	0.00032	-161.928
99800	0.00032	-160.412
99900	0.00032	-123.388
100000	0.00032	-138.455
