state	power	likelihood
25100	0.16807	-100.415
25200	0.16807	-124.562
25300	0.16807	-93.2271
25400	0.16807	-132.793
25500	0.16807	-118.497
25600	0.16807	-112.073
25700	0.16807	-100.478
25800	0.16807	-107.254
25900	0.16807	-122.632
26000	0.16807	-121.361
26100	0.16807	-126.036
26200	0.16807	-112.738
26300	0.16807	-96.0714
26400	0.16807	-123.186
26500	0.16807	-126.541
26600	0.16807	-100.459
26700	0.16807	-124.934
26800	0.16807	-108.1
26900	0.16807	-93.8566
27000	0.16807	-115.578
27100	0.16807	-116.707
27200	0.16807	-119.64
27300	0.16807	-93.7933
27400	0.16807	-109.67
27500	0.16807	-121.418
27600	0.16807	-98.6101
27700	0.16807	-119.167
27800	0.16807	-127.447
27900	0.16807	-122.067
28000	0.16807	-107.031
28100	0.16807	-90.8387
28200	0.16807	-110.754
28300	0.16807	-118.914
28400	0.16807	-108.049
28500	0.16807	-122.006
28600	0.16807	-106.007
28700	0.16807	-100.14
28800	0.16807	-89.3127
28900	0.16807	-112.129
29000	0.16807	-100.856
29100	0.16807	-99.1079
29200	0.16807	-107.389
29300	0.16807	-103.672
29400	0.16807	-126.334
29500	0.16807	-96.9369
29600	0.16807	-121.921
29700	0.16807	-112.076
29800	0.16807	-99.4024
29900	0.16807	-117.947
30000	0.16807	-102.895
30100	0.16807	-129.006
30200	0.16807	-108.93
30300	0.16807	-130.665
30400	0.16807	-124.13
30500	0.16807	-102.709
30600	0.16807	-111.59
30700	0.16807	-109.754
30800	0.16807	-105.243
30900	0.16807	-88.2601
31000	0.16807	-129.856
31100	0.16807	-101.242
31200	0.16807	-109.687
31300	0.16807	-86.5867
31400	0.16807	-108.494
31500	0.16807	-102.754
31600	0.16807	-118.004
31700	0.16807	-97.4789
31800	0.16807	-121.4
31900	0.16807	-119.789
32000	0.16807	-105.986
32100	0.16807	-108.597
32200	0.16807	-118.403
32300	0.16807	-139.183
32400	0.16807	-95.7033
32500	0.16807	-124.92
32600	0.16807	-131.094
32700	0.16807	-141.756
32800	0.16807	-111.36
32900	0.16807	-132.552
33000	0.16807	-119.697
33100	0.16807	-119.664
33200	0.16807	-113.589
33300	0.16807	-122.005
33400	0.16807	-102.762
33500	0.16807	-114.36
33600	0.16807	-115.008
33700	0.16807	-100.832
33800	0.16807	-107.48
33900	0.16807	-120.664
34000	0.16807	-148.34
34100	0.16807	-134.006
34200	0.16807	-102.097
34300	0.16807	-109.837
34400	0.16807	-106.581
34500	0.16807	-108.416
34600	0.16807	-125.994
34700	0.16807	-92.2609
34800	0.16807	-100.271
34900	0.16807	-92.174
35000	0.16807	-93.1061
35100	0.16807	-117.619
35200	0.16807	-103.25
35300	0.16807	-127.555
35400	0.16807	-137.747
35500	0.16807	-103.785
35600	0.16807	-106.39
35700	0.16807	-109.384
35800	0.16807	-93.9359
35900	0.16807	-88.8472
36000	0.16807	-120.479
36100	0.16807	-114.839
36200	0.16807	-127.706
36300	0.16807	-110.224
36400	0.16807	-107.696
36500	0.16807	-104.824
36600	0.16807	-118.121
36700	0.16807	-104.759
36800	0.16807	-117.113
36900	0.16807	-118.401
37000	0.16807	-120.854
37100	0.16807	-115.691
37200	0.16807	-103.348
37300	0.16807	-109.073
37400	0.16807	-115.98
37500	0.16807	-114.831
37600	0.16807	-111.116
37700	0.16807	-95.3646
37800	0.16807	-96.8931
37900	0.16807	-94.7866
38000	0.16807	-95.0702
38100	0.16807	-100.939
38200	0.16807	-130.008
38300	0.16807	-111.175
38400	0.16807	-107.512
38500	0.16807	-110.698
38600	0.16807	-117.795
38700	0.16807	-126.358
38800	0.16807	-119.137
38900	0.16807	-109.957
39000	0.16807	-119.143
39100	0.16807	-123.222
39200	0.16807	-102.815
39300	0.16807	-118.175
39400	0.16807	-104.913
39500	0.16807	-115.738
39600	0.16807	-109.51
39700	0.16807	-119.68
39800	0.16807	-101.401
39900	0.16807	-121.414
40000	0.16807	-109.232
40100	0.16807	-92.1541
40200	0.16807	-99.2007
40300	0.16807	-116.973
40400	0.16807	-137.273
40500	0.16807	-99.6763
40600	0.16807	-89.4962
40700	0.16807	-109.344
40800	0.16807	-92.8021
40900	0.16807	-107.183
41000	0.16807	-97.0523
41100	0.16807	-108.283
41200	0.16807	-110.721
41300	0.16807	-94.7476
41400	0.16807	-114.268
41500	0.16807	-110.365
41600	0.16807	-121.854
41700	0.16807	-112.185
41800	0.16807	-149.732
41900	0.16807	-136.731
42000	0.16807	-106.95
42100	0.16807	-110.436
42200	0.16807	-119.511
42300	0.16807	-111.316
42400	0.16807	-114.542
42500	0.16807	-105.052
42600	0.16807	-110.661
42700	0.16807	-118.939
42800	0.16807	-107.802
42900	0.16807	-102.494
43000	0.16807	-110.372
43100	0.16807	-147.34
43200	0.16807	-128.126
43300	0.16807	-95.8585
43400	0.16807	-93.4032
43500	0.16807	-117.828
43600	0.16807	-116.927
43700	0.16807	-107.787
43800	0.16807	-118.905
43900	0.16807	-90.8134
44000	0.16807	-117.371
44100	0.16807	-138.424
44200	0.16807	-129.46
44300	0.16807	-103.906
44400	0.16807	-93.156
44500	0.16807	-111.401
44600	0.16807	-120.487
44700	0.16807	-94.0525
44800	0.16807	-110.063
44900	0.16807	-99.4248
45000	0.16807	-118.994
45100	0.16807	-103.563
45200	0.16807	-108.026
45300	0.16807	-125.735
45400	0.16807	-108.017
45500	0.16807	-102.014
45600	0.16807	-101.091
45700	0.16807	-102.922
45800	0.16807	-106.984
45900	0.16807	-119.518
46000	0.16807	-113.043
46100	0.16807	-98.6648
46200	0.16807	-88.3345
46300	0.16807	-101.257
46400	0.16807	-113.509
46500	0.16807	-124.585
46600	0.16807	-138.067
46700	0.16807	-130.434
46800	0.16807	-122.545
46900	0.16807	-81.9619
47000	0.16807	-102.582
47100	0.16807	-99.8261
47200	0.16807	-125.21
47300	0.16807	-115.007
47400	0.16807	-114.835
47500	0.16807	-124.163
47600	0.16807	-114.624
47700	0.16807	-111.789
47800	0.16807	-99.4006
47900	0.16807	-96.5594
48000	0.16807	-140.057
48100	0.16807	-127.477
48200	0.16807	-133.255
48300	0.16807	-86.742
48400	0.16807	-122.584
48500	0.16807	-87.3851
48600	0.16807	-103.548
48700	0.16807	-121.119
48800	0.16807	-99.4251
48900	0.16807	-121.981
49000	0.16807	-92.8468
49100	0.16807	-116.848
49200	0.16807	-117.835
49300	0.16807	-97.8494
49400	0.16807	-141.968
49500	0.16807	-113.17
49600	0.16807	-117.461
49700	0.16807	-93.5395
49800	0.16807	-101.196
49900	0.16807	-120.803
50000	0.16807	-119.735
50100	0.16807	-104.06
50200	0.16807	-123.676
50300	0.16807	-103.419
50400	0.16807	-110.812
50500	0.16807	-110.998
50600	0.16807	-120.671
50700	0.16807	-112.985
50800	0.16807	-112.791
50900	0.16807	-115.419
51000	0.16807	-122.115
51100	0.16807	-118.295
51200	0.16807	-111.099
51300	0.16807	-118.411
51400	0.16807	-120.321
51500	0.16807	-90.2841
51600	0.16807	-127.81
51700	0.16807	-108.809
51800	0.16807	-123.701
51900	0.16807	-98.7274
52000	0.16807	-121.781
52100	0.16807	-127.262
52200	0.16807	-130.569
52300	0.16807	-129.549
52400	0.16807	-111.336
52500	0.16807	-102.146
52600	0.16807	-130.889
52700	0.16807	-100.416
52800	0.16807	-117.891
52900	0.16807	-126.787
53000	0.16807	-102.548
53100	0.16807	-122.861
53200	0.16807	-114.191
53300	0.16807	-118.7
53400	0.16807	-94.2662
53500	0.16807	-109.082
53600	0.16807	-109.753
53700	0.16807	-91.285
53800	0.16807	-103.06
53900	0.16807	-109.529
54000	0.16807	-102.833
54100	0.16807	-92.3954
54200	0.16807	-107.836
54300	0.16807	-100.767
54400	0.16807	-118.161
54500	0.16807	-96.0052
54600	0.16807	-122.066
54700	0.16807	-109.585
54800	0.16807	-118.29
54900	0.16807	-100.944
55000	0.16807	-108.618
55100	0.16807	-90.633
55200	0.16807	-129.231
55300	0.16807	-123.013
55400	0.16807	-99.2125
55500	0.16807	-101.435
55600	0.16807	-111.958
55700	0.16807	-108.424
55800	0.16807	-126.643
55900	0.16807	-89.286
56000	0.16807	-124.645
56100	0.16807	-93.2443
56200	0.16807	-130.555
56300	0.16807	-132.553
56400	0.16807	-111.991
56500	0.16807	-99.1127
56600	0.16807	-127.555
56700	0.16807	-89.4111
56800	0.16807	-133.083
56900	0.16807	-98.0442
57000	0.16807	-94.7099
57100	0.16807	-101.978
57200	0.16807	-127.739
57300	0.16807	-103.202
57400	0.16807	-104.587
57500	0.16807	-132.845
57600	0.16807	-96.2226
57700	0.16807	-119.331
57800	0.16807	-131.791
57900	0.16807	-105.933
58000	0.16807	-135.055
58100	0.16807	-113.237
58200	0.16807	-127.471
58300	0.16807	-118.943
58400	0.16807	-117.611
58500	0.16807	-146.571
58600	0.16807	-118.431
58700	0.16807	-112.376
58800	0.16807	-132.491
58900	0.16807	-114.149
59000	0.16807	-106.498
59100	0.16807	-130.805
59200	0.16807	-95.1946
59300	0.16807	-119.251
59400	0.16807	-100.836
59500	0.16807	-109.124
59600	0.16807	-95.0048
59700	0.16807	-122.354
59800	0.16807	-122.226
59900	0.16807	-104.916
60000	0.16807	-105.095
60100	0.16807	-124.553
60200	0.16807	-91.9028
60300	0.16807	-117.988
60400	0.16807	-105.864
60500	0.16807	-137.435
60600	0.16807	-100.344
60700	0.16807	-115.087
60800	0.16807	-100.28
60900	0.16807	-107.785
61000	0.16807	-90.8984
61100	0.16807	-122.733
61200	0.16807	-121.572
61300	0.16807	-93.414
61400	0.16807	-116.748
61500	0.16807	-135.833
61600	0.16807	-133.737
61700	0.16807	-128.937
61800	0.16807	-90.0783
61900	0.16807	-108.914
62000	0.16807	-110.678
62100	0.16807	-111.833
62200	0.16807	-124.146
62300	0.16807	-99.1735
62400	0.16807	-102.978
62500	0.16807	-117.721
62600	0.16807	-119.389
62700	0.16807	-100.724
62800	0.16807	-137.95
62900	0.16807	-122.678
63000	0.16807	-125.115
63100	0.16807	-129.151
63200	0.16807	-124.257
63300	0.16807	-93.7659
63400	0.16807	-112.901
63500	0.16807	-116.538
63600	0.16807	-89.0259
63700	0.16807	-102.552
63800	0.16807	-108.257
63900	0.16807	-130.275
64000	0.16807	-103.437
64100	0.16807	-126.115
64200	0.16807	-96.4916
64300	0.16807	-108.915
64400	0.16807	-132.673
64500	0.16807	-105.24
64600	0.16807	-145.29
64700	0.16807	-117.753
64800	0.16807	-124.476
64900	0.16807	-102.739
65000	0.16807	-103.626
65100	0.16807	-96.1804
65200	0.16807	-133.217
65300	0.16807	-105.35
65400	0.16807	-109.567
65500	0.16807	-100.331
65600	0.16807	-147.287
65700	0.16807	-100.172
65800	0.16807	-103.837
65900	0.16807	-117.738
66000	0.16807	-107.059
66100	0.16807	-148.261
66200	0.16807	-122.753
66300	0.16807	-123.895
66400	0.16807	-127.184
66500	0.16807	-120.475
66600	0.16807	-119.501
66700	0.16807	-117.033
66800	0.16807	-93.6224
66900	0.16807	-103.71
67000	0.16807	-93.4137
67100	0.16807	-117.549
67200	0.16807	-107.353
67300	0.16807	-130.652
67400	0.16807	-111.853
67500	0.16807	-94.6765
67600	0.16807	-118.226
67700	0.16807	-111.575
67800	0.16807	-98.4186
67900	0.16807	-95.6525
68000	0.16807	-122.418
68100	0.16807	-99.1323
68200	0.16807	-114.078
68300	0.16807	-102.349
68400	0.16807	-124.718
68500	0.16807	-119.517
68600	0.16807	-105.323
68700	0.16807	-105.599
68800	0.16807	-127.296
68900	0.16807	-113.829
69000	0.16807	-124.225
69100	0.16807	-133.84
69200	0.16807	-112.383
69300	0.16807	-115.912
69400	0.16807	-120.649
69500	0.16807	-101.265
69600	0.16807	-109.894
69700	0.16807	-120.706
69800	0.16807	-106.799
69900	0.16807	-113.333
70000	0.16807	-106.611
70100	0.16807	-109.756
70200	0.16807	-112.415
70300	0.16807	-104.722
70400	0.16807	-118.581
70500	0.16807	-121.872
70600	0.16807	-131.702
70700	0.16807	-101.315
70800	0.16807	-99.1222
70900	0.16807	-114.912
71000	0.16807	-114.657
71100	0.16807	-111.328
71200	0.16807	-132.228
71300	0.16807	-118.962
71400	0.16807	-122.477
71500	0.16807	-116.349
71600	0.16807	-120.562
71700	0.16807	-121.59
71800	0.16807	-111.243
71900	0.16807	-123.263
72000	0.16807	-116.22
72100	0.16807	-90.9432
72200	0.16807	-119.252
72300	0.16807	-122.601
72400	0.16807	-107.687
72500	0.16807	-117.85
72600	0.16807	-117.429
72700	0.16807	-125.951
72800	0.16807	-119.801
72900	0.16807	-96.9497
73000	0.16807	-129.17
73100	0.16807	-117.353
73200	0.16807	-111.832
73300	0.16807	-98.6185
73400	0.16807	-116.173
73500	0.16807	-91.6615
73600	0.16807	-126.507
73700	0.16807	-107.145
73800	0.16807	-118.351
73900	0.16807	-116.795
74000	0.16807	-117.041
74100	0.16807	-84.6893
74200	0.16807	-120.848
74300	0.16807	-110.694
74400	0.16807	-126.651
74500	0.16807	-101.694
74600	0.16807	-125.03
74700	0.16807	-98.4191
74800	0.16807	-114.818
74900	0.16807	-98.6515
75000	0.16807	-106.936
75100	0.16807	-99.5914
75200	0.16807	-120.348
75300	0.16807	-112.541
75400	0.16807	-89.1564
75500	0.16807	-120.954
75600	0.16807	-91.0551
75700	0.16807	-102.397
75800	0.16807	-96.0693
75900	0.16807	-133.202
76000	0.16807	-141.798
76100	0.16807	-97.393
76200	0.16807	-101.433
76300	0.16807	-122.927
76400	0.16807	-93.4708
76500	0.16807	-119.786
76600	0.16807	-135.308
76700	0.16807	-118.615
76800	0.16807	-121.367
76900	0.16807	-131.341
77000	0.16807	-99.2799
77100	0.16807	-120.806
77200	0.16807	-132.757
77300	0.16807	-86.6418
77400	0.16807	-92.7925
77500	0.16807	-113.118
77600	0.16807	-112.79
77700	0.16807	-108.718
77800	0.16807	-109.187
77900	0.16807	-116.078
78000	0.16807	-115.638
78100	0.16807	-115.712
78200	0.16807	-119.036
78300	0.16807	-119.512
78400	0.16807	-85.7129
78500	0.16807	-131.107
78600	0.16807	-122.562
78700	0.16807	-120.222
78800	0.16807	-104.504
78900	0.16807	-103.367
79000	0.16807	-124.085
79100	0.16807	-117.369
79200	0.16807	-117.475
79300	0.16807	-128.03
79400	0.16807	-105.918
79500	0.16807	-90.7612
79600	0.16807	-111.792
79700	0.16807	-108.519
79800	0.16807	-108.609
79900	0.16807	-93.4286
80000	0.16807	-102.506
80100	0.16807	-106.848
80200	0.16807	-106.293
80300	0.16807	-112.572
80400	0.16807	-110.532
80500	0.16807	-119.418
80600	0.16807	-97.0471
80700	0.16807	-119.197
80800	0.16807	-109.512
80900	0.16807	-119.503
81000	0.16807	-108.271
81100	0.16807	-136.692
81200	0.16807	-95.2693
81300	0.16807	-114.74
81400	0.16807	-93.0317
81500	0.16807	-102.297
81600	0.16807	-119.208
81700	0.16807	-133.241
81800	0.16807	-109.329
81900	0.16807	-126.784
82000	0.16807	-124.464
82100	0.16807	-96.7445
82200	0.16807	-119.289
82300	0.16807	-131.817
82400	0.16807	-119.812
82500	0.16807	-137.956
82600	0.16807	-123.002
82700	0.16807	-117.687
82800	0.16807	-108.609
82900	0.16807	-134.291
83000	0.16807	-109.098
83100	0.16807	-96.7373
83200	0.16807	-128.814
83300	0.16807	-110.927
83400	0.16807	-118.309
83500	0.16807	-99.0325
83600	0.16807	-96.6133
83700	0.16807	-105.882
83800	0.16807	-106.412
83900	0.16807	-99.711
84000	0.16807	-122.432
84100	0.16807	-104.454
84200	0.16807	-101.447
84300	0.16807	-128.174
84400	0.16807	-124.117
84500	0.16807	-120.619
84600	0.16807	-125.534
84700	0.16807	-115.272
84800	0.16807	-124.497
84900	0.16807	-117.602
85000	0.16807	-114.094
85100	0.16807	-100.492
85200	0.16807	-115.069
85300	0.16807	-115.426
85400	0.16807	-102.13
85500	0.16807	-121.969
85600	0.16807	-110.773
85700	0.16807	-107.941
85800	0.16807	-123.111
85900	0.16807	-124.891
86000	0.16807	-103.128
86100	0.16807	-124.524
86200	0.16807	-109.342
86300	0.16807	-103.871
86400	0.16807	-122.415
86500	0.16807	-118.074
86600	0.16807	-123.992
86700	0.16807	-101.39
86800	0.16807	-103.683
86900	0.16807	-110.683
87000	0.16807	-118.847
87100	0.16807	-128.802
87200	0.16807	-111.139
87300	0.16807	-95.2728
87400	0.16807	-130.355
87500	0.16807	-111.48
87600	0.16807	-130.067
87700	0.16807	-100.415
87800	0.16807	-116.119
87900	0.16807	-122.788
88000	0.16807	-149.124
88100	0.16807	-133.232
88200	0.16807	-116.256
88300	0.16807	-91.1894
88400	0.16807	-103.492
88500	0.16807	-121.751
88600	0.16807	-128.123
88700	0.16807	-89.0412
88800	0.16807	-113.33
88900	0.16807	-135.464
89000	0.16807	-93.7916
89100	0.16807	-122.469
89200	0.16807	-123.239
89300	0.16807	-116.295
89400	0.16807	-123.082
89500	0.16807	-128.388
89600	0.16807	-116.305
89700	0.16807	-122.131
89800	0.16807	-100.479
89900	0.16807	-103.403
90000	0.16807	-121.347
90100	0.16807	-117.023
90200	0.16807	-99.0172
90300	0.16807	-121.517
90400	0.16807	-98.859
90500	0.16807	-139.059
90600	0.16807	-122.684
90700	0.16807	-94.6654
90800	0.16807	-97.75
90900	0.16807	-121.458
91000	0.16807	-102.71
91100	0.16807	-118.804
91200	0.16807	-113.496
91300	0.16807	-117.359
91400	0.16807	-118.445
91500	0.16807	-107.451
91600	0.16807	-128.809
91700	0.16807	-113.456
91800	0.16807	-113.503
91900	0.16807	-121.215
92000	0.16807	-112.982
92100	0.16807	-119.771
92200	0.16807	-98.3627
92300	0.16807	-109.127
92400	0.16807	-88.1619
92500	0.16807	-100.121
92600	0.16807	-113.897
92700	0.16807	-123.062
92800	0.16807	-111.83
92900	0.16807	-110.482
93000	0.16807	-116.729
93100	0.16807	-106.655
93200	0.16807	-92.381
93300	0.16807	-112.756
93400	0.16807	-105.543
93500	0.16807	-109.231
93600	0.16807	-121.98
93700	0.16807	-108.289
93800	0.16807	-79.7368
93900	0.16807	-122.489
94000	0.16807	-109.108
94100	0.16807	-113.97
94200	0.16807	-107.698
94300	0.16807	-134.734
94400	0.16807	-118.246
94500	0.16807	-104.117
94600	0.16807	-96.9064
94700	0.16807	-122.394
94800	0.16807	-136.615
94900	0.16807	-119.043
95000	0.16807	-124.528
95100	0.16807	-121.969
95200	0.16807	-118.864
95300	0.16807	-131.195
95400	0.16807	-102.308
95500	0.16807	-120.358
95600	0.16807	-110.885
95700	0.16807	-128.582
95800	0.16807	-104.967
95900	0.16807	-111.268
96000	0.16807	-109.993
96100	0.16807	-117.824
96200	0.16807	-115.291
96300	0.16807	-115.42
96400	0.16807	-105.895
96500	0.16807	-118.182
96600	0.16807	-128.739
96700	0.16807	-115.971
96800	0.16807	-131.182
96900	0.16807	-117.713
97000	0.16807	-137.491
97100	0.16807	-100.744
97200	0.16807	-117.876
97300	0.16807	-110.062
97400	0.16807	-123.953
97500	0.16807	-92.9
97600	0.16807	-130.857
97700	0.16807	-124.876
97800	0.16807	-121.371
97900	0.16807	-85.9556
98000	0.16807	-104.228
98100	0.16807	-110.859
98200	0.16807	-106.363
98300	0.16807	-109.58
98400	0.16807	-123.364
98500	0.16807	-128.056
98600	0.16807	-123.594
98700	0.16807	-94.477
98800	0.16807	-113.469
98900	0.16807	-124.957
99000	0.16807	-101.946
99100	0.16807	-116.166
99200	0.16807	-121.773
99300	0.16807	-118.563
99400	0.16807	-115.731
99500	0.16807	-132.912
99600	0.16807	-101.122
99700	0.16807	-126.128
99800	0.16807	-109.676
99900	0.16807	-103.049
100000	0.16807	-128.158
