state	power	likelihood
25100	1e-05	-131.993
25200	1e-05	-148.49
25300	1e-05	-130.659
25400	1e-05	-153.939
25500	1e-05	-139.746
25600	1e-05	-122.28
25700	1e-05	-134.028
25800	1e-05	-146.559
25900	1e-05	-129.811
26000	1e-05	-120.346
26100	1e-05	-140.986
26200	1e-05	-164.699
26300	1e-05	-130.998
26400	1e-05	-141.549
26500	1e-05	-155.981
26600	1e-05	-135.157
26700	1e-05	-138.679
26800	1e-05	-135.242
26900	1e-05	-152.293
27000	1e-05	-134.129
27100	1e-05	-154.429
27200	1e-05	-149.134
27300	1e-05	-152.353
27400	1e-05	-157.757
27500	1e-05	-124.353
27600	1e-05	-143.895
27700	1e-05	-179.108
27800	1e-05	-136.766
27900	1e-05	-119.013
28000	1e-05	-151.694
28100	1e-05	-152.348
28200	1e-05	-117.136
28300	1e-05	-142.941
28400	1e-05	-151.878
28500	1e-05	-142.739
28600	1e-05	-119.879
28700	1e-05	-126.646
28800	1e-05	-165.106
28900	1e-05	-152.909
29000	1e-05	-133.44
29100	1e-05	-111.801
29200	1e-05	-137.169
29300	1e-05	-144.908
29400	1e-05	-153.531
29500	1e-05	-154.198
29600	1e-05	-122.752
29700	1e-05	-149.074
29800	1e-05	-117.623
29900	1e-05	-152.946
30000	1e-05	-131.752
30100	1e-05	-156.224
30200	1e-05	-149.34
30300	1e-05	-140.957
30400	1e-05	-152.557
30500	1e-05	-119.276
30600	1e-05	-151.765
30700	1e-05	-144.614
30800	1e-05	-127.372
30900	1e-05	-143.966
31000	1e-05	-131.467
31100	1e-05	-119.025
31200	1e-05	-130.812
31300	1e-05	-142.134
31400	1e-05	-149.649
31500	1e-05	-154.524
31600	1e-05	-145.899
31700	1e-05	-149.42
31800	1e-05	-129.396
31900	1e-05	-145.42
32000	1e-05	-162.866
32100	1e-05	-138.448
32200	1e-05	-141.517
32300	1e-05	-166.874
32400	1e-05	-138.708
32500	1e-05	-121.852
32600	1e-05	-136.528
32700	1e-05	-131.24
32800	1e-05	-206.826
32900	1e-05	-130.421
33000	1e-05	-154.439
33100	1e-05	-138.097
33200	1e-05	-152.716
33300	1e-05	-134.09
33400	1e-05	-134.132
33500	1e-05	-120.48
33600	1e-05	-127.621
33700	1e-05	-140.675
33800	1e-05	-174.339
33900	1e-05	-137.633
34000	1e-05	-146.065
34100	1e-05	-153.061
34200	1e-05	-125.158
34300	1e-05	-121.699
34400	1e-05	-143.204
34500	1e-05	-127.954
34600	1e-05	-153.72
34700	1e-05	-163.214
34800	1e-05	-128.162
34900	1e-05	-129.584
35000	1e-05	-151.062
35100	1e-05	-159.731
35200	1e-05	-149.879
35300	1e-05	-153.187
35400	1e-05	-150.741
35500	1e-05	-114.983
35600	1e-05	-121.151
35700	1e-05	-142.031
35800	1e-05	-140.766
35900	1e-05	-114.997
36000	1e-05	-158.041
36100	1e-05	-135.021
36200	1e-05	-125.946
36300	1e-05	-161.829
36400	1e-05	-139.157
36500	1e-05	-149.187
36600	1e-05	-186.55
36700	1e-05	-134.437
36800	1e-05	-155.126
36900	1e-05	-152.137
37000	1e-05	-143.811
37100	1e-05	-147.929
37200	1e-05	-154.462
37300	1e-05	-144.713
37400	1e-05	-135.184
37500	1e-05	-127.03
37600	1e-05	-135.574
37700	1e-05	-167.475
37800	1e-05	-131.058
37900	1e-05	-152.701
38000	1e-05	-124.789
38100	1e-05	-140.598
38200	1e-05	-162.233
38300	1e-05	-144.589
38400	1e-05	-135.707
38500	1e-05	-144.814
38600	1e-05	-166.442
38700	1e-05	-155.972
38800	1e-05	-139.584
38900	1e-05	-148.935
39000	1e-05	-137.325
39100	1e-05	-126.623
39200	1e-05	-147.453
39300	1e-05	-126.567
39400	1e-05	-123.45
39500	1e-05	-127.375
39600	1e-05	-146.126
39700	1e-05	-164.448
39800	1e-05	-124.021
39900	1e-05	-133.361
40000	1e-05	-115.605
40100	1e-05	-124.343
40200	1e-05	-166.18
40300	1e-05	-145.891
40400	1e-05	-128.143
40500	1e-05	-131.723
40600	1e-05	-127.349
40700	1e-05	-121.726
40800	1e-05	-146.114
40900	1e-05	-151.486
41000	1e-05	-143.783
41100	1e-05	-140.566
41200	1e-05	-144.451
41300	1e-05	-157.937
41400	1e-05	-134.576
41500	1e-05	-128.12
41600	1e-05	-145.516
41700	1e-05	-129.727
41800	1e-05	-118.409
41900	1e-05	-126.254
42000	1e-05	-146.914
42100	1e-05	-131.757
42200	1e-05	-151.008
42300	1e-05	-145.92
42400	1e-05	-145.97
42500	1e-05	-144.867
42600	1e-05	-134.908
42700	1e-05	-154.003
42800	1e-05	-165.677
42900	1e-05	-95.8991
43000	1e-05	-133.361
43100	1e-05	-114.426
43200	1e-05	-128.065
43300	1e-05	-153.295
43400	1e-05	-124.706
43500	1e-05	-151.828
43600	1e-05	-138.052
43700	1e-05	-123.792
43800	1e-05	-114.746
43900	1e-05	-143.839
44000	1e-05	-165.116
44100	1e-05	-142.632
44200	1e-05	-138.366
44300	1e-05	-148.215
44400	1e-05	-138.873
44500	1e-05	-133.98
44600	1e-05	-151.693
44700	1e-05	-137.158
44800	1e-05	-131.85
44900	1e-05	-129.009
45000	1e-05	-163.573
45100	1e-05	-129.734
45200	1e-05	-146.538
45300	1e-05	-122.051
45400	1e-05	-141.203
45500	1e-05	-170.225
45600	1e-05	-126.869
45700	1e-05	-132.741
45800	1e-05	-115.871
45900	1e-05	-123.521
46000	1e-05	-132.712
46100	1e-05	-140.958
46200	1e-05	-153.025
46300	1e-05	-146.377
46400	1e-05	-124.875
46500	1e-05	-148.232
46600	1e-05	-138.64
46700	1e-05	-162.267
46800	1e-05	-125.559
46900	1e-05	-156.928
47000	1e-05	-134.757
47100	1e-05	-136.831
47200	1e-05	-142.358
47300	1e-05	-115.317
47400	1e-05	-156.811
47500	1e-05	-135.609
47600	1e-05	-119.489
47700	1e-05	-134.824
47800	1e-05	-131.975
47900	1e-05	-144.203
48000	1e-05	-130.942
48100	1e-05	-159.216
48200	1e-05	-135.686
48300	1e-05	-149.74
48400	1e-05	-150.691
48500	1e-05	-125.231
48600	1e-05	-143.152
48700	1e-05	-155.163
48800	1e-05	-136.934
48900	1e-05	-160.282
49000	1e-05	-137.907
49100	1e-05	-126.121
49200	1e-05	-131.144
49300	1e-05	-132.241
49400	1e-05	-149.776
49500	1e-05	-121.674
49600	1e-05	-124.876
49700	1e-05	-145.479
49800	1e-05	-141.083
49900	1e-05	-119.82
50000	1e-05	-155.95
50100	1e-05	-136.668
50200	1e-05	-152.755
50300	1e-05	-156.441
50400	1e-05	-145.175
50500	1e-05	-177.01
50600	1e-05	-149.672
50700	1e-05	-162.307
50800	1e-05	-136.639
50900	1e-05	-146.672
51000	1e-05	-159.889
51100	1e-05	-132.459
51200	1e-05	-124.908
51300	1e-05	-148.024
51400	1e-05	-154.364
51500	1e-05	-124.181
51600	1e-05	-132.465
51700	1e-05	-139.31
51800	1e-05	-127.944
51900	1e-05	-135.151
52000	1e-05	-142.207
52100	1e-05	-163.28
52200	1e-05	-141.229
52300	1e-05	-141.983
52400	1e-05	-136.686
52500	1e-05	-125.035
52600	1e-05	-130.025
52700	1e-05	-125.818
52800	1e-05	-193.929
52900	1e-05	-137.518
53000	1e-05	-153.194
53100	1e-05	-139.562
53200	1e-05	-155.054
53300	1e-05	-139.571
53400	1e-05	-134.16
53500	1e-05	-153.063
53600	1e-05	-179.473
53700	1e-05	-124.628
53800	1e-05	-128.916
53900	1e-05	-120.604
54000	1e-05	-149.298
54100	1e-05	-163.954
54200	1e-05	-120.961
54300	1e-05	-164.761
54400	1e-05	-147.838
54500	1e-05	-142.709
54600	1e-05	-139.949
54700	1e-05	-132.342
54800	1e-05	-148.221
54900	1e-05	-121.193
55000	1e-05	-150.867
55100	1e-05	-130.964
55200	1e-05	-136.517
55300	1e-05	-161.003
55400	1e-05	-138.35
55500	1e-05	-152.915
55600	1e-05	-144.519
55700	1e-05	-139.361
55800	1e-05	-153.5
55900	1e-05	-119.783
56000	1e-05	-143.844
56100	1e-05	-161.996
56200	1e-05	-151.008
56300	1e-05	-142.715
56400	1e-05	-149.545
56500	1e-05	-120.005
56600	1e-05	-133.738
56700	1e-05	-138.132
56800	1e-05	-160.733
56900	1e-05	-128.766
57000	1e-05	-133.597
57100	1e-05	-149.759
57200	1e-05	-170.399
57300	1e-05	-167.643
57400	1e-05	-162.035
57500	1e-05	-139.923
57600	1e-05	-131.104
57700	1e-05	-149.41
57800	1e-05	-168.043
57900	1e-05	-122.47
58000	1e-05	-150.737
58100	1e-05	-172.461
58200	1e-05	-130.583
58300	1e-05	-154.989
58400	1e-05	-140.537
58500	1e-05	-183.673
58600	1e-05	-132.953
58700	1e-05	-159.881
58800	1e-05	-145.549
58900	1e-05	-147.998
59000	1e-05	-123.473
59100	1e-05	-137.853
59200	1e-05	-129.129
59300	1e-05	-123.046
59400	1e-05	-158.464
59500	1e-05	-142.621
59600	1e-05	-136.114
59700	1e-05	-153.732
59800	1e-05	-135.372
59900	1e-05	-126.208
60000	1e-05	-144.99
60100	1e-05	-142.939
60200	1e-05	-140.94
60300	1e-05	-147.218
60400	1e-05	-150.108
60500	1e-05	-150.864
60600	1e-05	-126.615
60700	1e-05	-151.979
60800	1e-05	-167.7
60900	1e-05	-125.509
61000	1e-05	-120.479
61100	1e-05	-127.153
61200	1e-05	-148.439
61300	1e-05	-159.656
61400	1e-05	-115.619
61500	1e-05	-128.933
61600	1e-05	-141.66
61700	1e-05	-126.699
61800	1e-05	-151.967
61900	1e-05	-142.159
62000	1e-05	-131.435
62100	1e-05	-133.03
62200	1e-05	-122.815
62300	1e-05	-132.474
62400	1e-05	-142.546
62500	1e-05	-142.893
62600	1e-05	-161.621
62700	1e-05	-127.981
62800	1e-05	-114.841
62900	1e-05	-151.323
63000	1e-05	-141.803
63100	1e-05	-147.926
63200	1e-05	-136.393
63300	1e-05	-138.078
63400	1e-05	-146.289
63500	1e-05	-144.02
63600	1e-05	-123.732
63700	1e-05	-124.62
63800	1e-05	-146.58
63900	1e-05	-175.322
64000	1e-05	-141.659
64100	1e-05	-138.67
64200	1e-05	-179.598
64300	1e-05	-134.947
64400	1e-05	-151.918
64500	1e-05	-120.77
64600	1e-05	-141.361
64700	1e-05	-138.996
64800	1e-05	-194.739
64900	1e-05	-138.231
65000	1e-05	-161.249
65100	1e-05	-137.197
65200	1e-05	-143.445
65300	1e-05	-132.249
65400	1e-05	-154.061
65500	1e-05	-141.638
65600	1e-05	-152.237
65700	1e-05	-123.175
65800	1e-05	-120.14
65900	1e-05	-148.057
66000	1e-05	-139.87
66100	1e-05	-142.343
66200	1e-05	-139.015
66300	1e-05	-149.828
66400	1e-05	-131.999
66500	1e-05	-147.911
66600	1e-05	-150.497
66700	1e-05	-174.308
66800	1e-05	-119.505
66900	1e-05	-128.53
67000	1e-05	-131.705
67100	1e-05	-139.93
67200	1e-05	-145.877
67300	1e-05	-122.455
67400	1e-05	-132.791
67500	1e-05	-154.172
67600	1e-05	-154.428
67700	1e-05	-173.813
67800	1e-05	-133.239
67900	1e-05	-133.816
68000	1e-05	-191.712
68100	1e-05	-156.536
68200	1e-05	-176.071
68300	1e-05	-131.623
68400	1e-05	-155.84
68500	1e-05	-140.323
68600	1e-05	-158.899
68700	1e-05	-137.558
68800	1e-05	-132.487
68900	1e-05	-129.921
69000	1e-05	-136.351
69100	1e-05	-143.075
69200	1e-05	-137.2
69300	1e-05	-122.589
69400	1e-05	-124.741
69500	1e-05	-135.859
69600	1e-05	-136.894
69700	1e-05	-140.196
69800	1e-05	-132.732
69900	1e-05	-149.254
70000	1e-05	-158.917
70100	1e-05	-174.294
70200	1e-05	-148.047
70300	1e-05	-134.922
70400	1e-05	-160.652
70500	1e-05	-124.751
70600	1e-05	-149.88
70700	1e-05	-143.322
70800	1e-05	-148.322
70900	1e-05	-152.331
71000	1e-05	-149.97
71100	1e-05	-126.236
71200	1e-05	-161.853
71300	1e-05	-153.023
71400	1e-05	-132.498
71500	1e-05	-123.575
71600	1e-05	-155.108
71700	1e-05	-168.746
71800	1e-05	-123.094
71900	1e-05	-126.893
72000	1e-05	-136.871
72100	1e-05	-114.433
72200	1e-05	-139.832
72300	1e-05	-140.789
72400	1e-05	-133.785
72500	1e-05	-166.054
72600	1e-05	-163.472
72700	1e-05	-136.738
72800	1e-05	-140.396
72900	1e-05	-137.68
73000	1e-05	-124.893
73100	1e-05	-173.592
73200	1e-05	-139.175
73300	1e-05	-142.192
73400	1e-05	-145.415
73500	1e-05	-143.579
73600	1e-05	-114.835
73700	1e-05	-131.401
73800	1e-05	-141.665
73900	1e-05	-146.212
74000	1e-05	-125.218
74100	1e-05	-143.448
74200	1e-05	-135.245
74300	1e-05	-120.918
74400	1e-05	-139.397
74500	1e-05	-119.578
74600	1e-05	-146.431
74700	1e-05	-129.43
74800	1e-05	-141.382
74900	1e-05	-130.21
75000	1e-05	-132.984
75100	1e-05	-138.368
75200	1e-05	-156.048
75300	1e-05	-130.588
75400	1e-05	-146.704
75500	1e-05	-187.183
75600	1e-05	-141.437
75700	1e-05	-141.266
75800	1e-05	-134.455
75900	1e-05	-129.252
76000	1e-05	-156.949
76100	1e-05	-154.871
76200	1e-05	-137.915
76300	1e-05	-190.484
76400	1e-05	-133.803
76500	1e-05	-143.933
76600	1e-05	-138.122
76700	1e-05	-144.735
76800	1e-05	-135.312
76900	1e-05	-149.52
77000	1e-05	-134.93
77100	1e-05	-127.107
77200	1e-05	-144.849
77300	1e-05	-125.84
77400	1e-05	-151.728
77500	1e-05	-127.866
77600	1e-05	-123.895
77700	1e-05	-140.316
77800	1e-05	-132.81
77900	1e-05	-140.916
78000	1e-05	-153.3
78100	1e-05	-133.411
78200	1e-05	-150
78300	1e-05	-128.046
78400	1e-05	-148.023
78500	1e-05	-157.304
78600	1e-05	-157.738
78700	1e-05	-141.732
78800	1e-05	-138.394
78900	1e-05	-145.327
79000	1e-05	-118.767
79100	1e-05	-117.07
79200	1e-05	-123.778
79300	1e-05	-153.717
79400	1e-05	-115.435
79500	1e-05	-154.487
79600	1e-05	-145.395
79700	1e-05	-129.208
79800	1e-05	-155.079
79900	1e-05	-153.395
80000	1e-05	-127.194
80100	1e-05	-126.821
80200	1e-05	-134.073
80300	1e-05	-134.368
80400	1e-05	-144.596
80500	1e-05	-111.375
80600	1e-05	-161.93
80700	1e-05	-118.374
80800	1e-05	-145.778
80900	1e-05	-164.978
81000	1e-05	-159.397
81100	1e-05	-127.644
81200	1e-05	-126.6
81300	1e-05	-131.103
81400	1e-05	-134.038
81500	1e-05	-112.29
81600	1e-05	-127.48
81700	1e-05	-131.484
81800	1e-05	-155.704
81900	1e-05	-138.363
82000	1e-05	-161.865
82100	1e-05	-135.814
82200	1e-05	-146.152
82300	1e-05	-123.446
82400	1e-05	-135.589
82500	1e-05	-140.863
82600	1e-05	-147.867
82700	1e-05	-131.619
82800	1e-05	-151.072
82900	1e-05	-150.393
83000	1e-05	-127.99
83100	1e-05	-148.134
83200	1e-05	-133.734
83300	1e-05	-155.737
83400	1e-05	-128.819
83500	1e-05	-158.447
83600	1e-05	-106.333
83700	1e-05	-149.141
83800	1e-05	-134.284
83900	1e-05	-158.58
84000	1e-05	-166.582
84100	1e-05	-141.42
84200	1e-05	-139.754
84300	1e-05	-155.508
84400	1e-05	-121.514
84500	1e-05	-155.015
84600	1e-05	-149.641
84700	1e-05	-165.294
84800	1e-05	-122.952
84900	1e-05	-152.568
85000	1e-05	-148.719
85100	1e-05	-137.632
85200	1e-05	-135.255
85300	1e-05	-128.78
85400	1e-05	-150.608
85500	1e-05	-135.769
85600	1e-05	-124.164
85700	1e-05	-153.261
85800	1e-05	-151.318
85900	1e-05	-147.735
86000	1e-05	-120.12
86100	1e-05	-139.271
86200	1e-05	-158.548
86300	1e-05	-129.134
86400	1e-05	-145.398
86500	1e-05	-132.856
86600	1e-05	-142.723
86700	1e-05	-153.286
86800	1e-05	-117.39
86900	1e-05	-136.117
87000	1e-05	-122.386
87100	1e-05	-126.646
87200	1e-05	-140.375
87300	1e-05	-130.739
87400	1e-05	-144.367
87500	1e-05	-146.906
87600	1e-05	-142.325
87700	1e-05	-153.259
87800	1e-05	-187.617
87900	1e-05	-154.956
88000	1e-05	-151.825
88100	1e-05	-134.306
88200	1e-05	-138.367
88300	1e-05	-130.456
88400	1e-05	-162.402
88500	1e-05	-140.502
88600	1e-05	-155.566
88700	1e-05	-160.897
88800	1e-05	-128.434
88900	1e-05	-145.025
89000	1e-05	-160.29
89100	1e-05	-194.482
89200	1e-05	-140.842
89300	1e-05	-158.133
89400	1e-05	-132.112
89500	1e-05	-170.451
89600	1e-05	-129.141
89700	1e-05	-163.63
89800	1e-05	-132.383
89900	1e-05	-123.695
90000	1e-05	-148.038
90100	1e-05	-128.88
90200	1e-05	-138.978
90300	1e-05	-155.885
90400	1e-05	-148.643
90500	1e-05	-153.444
90600	1e-05	-173.679
90700	1e-05	-162.232
90800	1e-05	-146.215
90900	1e-05	-139.584
91000	1e-05	-161.569
91100	1e-05	-141.338
91200	1e-05	-116.909
91300	1e-05	-157.123
91400	1e-05	-177.976
91500	1e-05	-142.552
91600	1e-05	-141.908
91700	1e-05	-149.392
91800	1e-05	-124.97
91900	1e-05	-126.949
92000	1e-05	-128.398
92100	1e-05	-165.354
92200	1e-05	-131.417
92300	1e-05	-157.459
92400	1e-05	-143.652
92500	1e-05	-164.208
92600	1e-05	-139.056
92700	1e-05	-136.406
92800	1e-05	-136.387
92900	1e-05	-156.79
93000	1e-05	-132.26
93100	1e-05	-132.993
93200	1e-05	-127.096
93300	1e-05	-163.988
93400	1e-05	-131.146
93500	1e-05	-136.014
93600	1e-05	-125.578
93700	1e-05	-155.293
93800	1e-05	-129.56
93900	1e-05	-136.044
94000	1e-05	-148.666
94100	1e-05	-118.395
94200	1e-05	-156.204
94300	1e-05	-139.033
94400	1e-05	-133.42
94500	1e-05	-128.915
94600	1e-05	-163.911
94700	1e-05	-126.816
94800	1e-05	-132.158
94900	1e-05	-136.268
95000	1e-05	-141.886
95100	1e-05	-138.519
95200	1e-05	-128.636
95300	1e-05	-104.683
95400	1e-05	-149.604
95500	1e-05	-141.186
95600	1e-05	-158.284
95700	1e-05	-139.164
95800	1e-05	-176.322
95900	1e-05	-151.294
96000	1e-05	-133.961
96100	1e-05	-131.511
96200	1e-05	-159.531
96300	1e-05	-134.077
96400	1e-05	-97.5811
96500	1e-05	-131.852
96600	1e-05	-127.915
96700	1e-05	-142.636
96800	1e-05	-127.966
96900	1e-05	-144.725
97000	1e-05	-160.171
97100	1e-05	-134.272
97200	1e-05	-141.256
97300	1e-05	-126.394
97400	1e-05	-150.952
97500	1e-05	-134.413
97600	1e-05	-163.381
97700	1e-05	-185.995
97800	1e-05	-152.357
97900	1e-05	-164.469
98000	1e-05	-151.824
98100	1e-05	-130.398
98200	1e-05	-152.407
98300	1e-05	-132.084
98400	1e-05	-153.084
98500	1e-05	-126.533
98600	1e-05	-165.609
98700	1e-05	-138.229
98800	1e-05	-121.337
98900	1e-05	-132.069
99000	1e-05	-153.122
99100	1e-05	-155.481
99200	1e-05	-150.209
99300	1e-05	-126.268
99400	1e-05	-142.284
99500	1e-05	-147.882
99600	1e-05	-153.154
99700	1e-05	-128.365
99800	1e-05	-138.741
99900	1e-05	-125.342
100000	1e-05	-160.682
