state	power	likelihood
25100	0.07776	-123.341
25200	0.07776	-122.127
25300	0.07776	-142.246
25400	0.07776	-125.606
25500	0.07776	-117.967
25600	0.07776	-125.407
25700	0.07776	-122.449
25800	0.07776	-123.767
25900	0.07776	-131.656
26000	0.07776	-135.659
26100	0.07776	-118.087
26200	0.07776	-152.437
26300	0.07776	-116.736
26400	0.07776	-122.905
26500	0.07776	-129.993
26600	0.07776	-151.449
26700	0.07776	-126.572
26800	0.07776	-122.606
26900	0.07776	-136.249
27000	0.07776	-134.218
27100	0.07776	-118.356
27200	0.07776	-134.382
27300	0.07776	-122.886
27400	0.07776	-120.003
27500	0.07776	-125.722
27600	0.07776	-123.252
27700	0.07776	-137.192
27800	0.07776	-118.227
27900	0.07776	-133.397
28000	0.07776	-120.786
28100	0.07776	-118.503
28200	0.07776	-176.694
28300	0.07776	-117.778
28400	0.07776	-151.435
28500	0.07776	-134.498
28600	0.07776	-115.83
28700	0.07776	-147.908
28800	0.07776	-126.596
28900	0.07776	-115.906
29000	0.07776	-118.482
29100	0.07776	-120.234
29200	0.07776	-117.166
29300	0.07776	-140.301
29400	0.07776	-136.486
29500	0.07776	-137.906
29600	0.07776	-122.542
29700	0.07776	-126.255
29800	0.07776	-136.518
29900	0.07776	-124.487
30000	0.07776	-107.848
30100	0.07776	-128.237
30200	0.07776	-128.721
30300	0.07776	-129.914
30400	0.07776	-119.862
30500	0.07776	-163.294
30600	0.07776	-117.168
30700	0.07776	-129.265
30800	0.07776	-132.104
30900	0.07776	-136.16
31000	0.07776	-141.163
31100	0.07776	-133.252
31200	0.07776	-120.827
31300	0.07776	-148.594
31400	0.07776	-123.881
31500	0.07776	-119.214
31600	0.07776	-142.659
31700	0.07776	-113.924
31800	0.07776	-110.742
31900	0.07776	-124.391
32000	0.07776	-104.291
32100	0.07776	-123.814
32200	0.07776	-139.284
32300	0.07776	-138.71
32400	0.07776	-142.254
32500	0.07776	-122.88
32600	0.07776	-134.744
32700	0.07776	-107.181
32800	0.07776	-126.091
32900	0.07776	-141.016
33000	0.07776	-102.468
33100	0.07776	-155.351
33200	0.07776	-143.318
33300	0.07776	-137.434
33400	0.07776	-107.067
33500	0.07776	-130.591
33600	0.07776	-121.333
33700	0.07776	-137.161
33800	0.07776	-132.996
33900	0.07776	-122.575
34000	0.07776	-116.793
34100	0.07776	-120.864
34200	0.07776	-148.181
34300	0.07776	-145.46
34400	0.07776	-124.708
34500	0.07776	-108.443
34600	0.07776	-134.263
34700	0.07776	-134.072
34800	0.07776	-108.747
34900	0.07776	-117.388
35000	0.07776	-135.187
35100	0.07776	-132.513
35200	0.07776	-115.138
35300	0.07776	-111.018
35400	0.07776	-121.263
35500	0.07776	-143.394
35600	0.07776	-131.417
35700	0.07776	-133.437
35800	0.07776	-130.513
35900	0.07776	-121.558
36000	0.07776	-134.472
36100	0.07776	-122.873
36200	0.07776	-141.173
36300	0.07776	-117.714
36400	0.07776	-127.441
36500	0.07776	-139.934
36600	0.07776	-136.778
36700	0.07776	-119.074
36800	0.07776	-115.111
36900	0.07776	-134.568
37000	0.07776	-129.348
37100	0.07776	-140.955
37200	0.07776	-116.622
37300	0.07776	-130.845
37400	0.07776	-138.79
37500	0.07776	-135.746
37600	0.07776	-117.362
37700	0.07776	-132.587
37800	0.07776	-137.199
37900	0.07776	-125.172
38000	0.07776	-122.836
38100	0.07776	-123.484
38200	0.07776	-149.274
38300	0.07776	-119.566
38400	0.07776	-116.893
38500	0.07776	-140.171
38600	0.07776	-131.893
38700	0.07776	-136.573
38800	0.07776	-121.563
38900	0.07776	-131.187
39000	0.07776	-141.128
39100	0.07776	-114.314
39200	0.07776	-126.696
39300	0.07776	-136.215
39400	0.07776	-138.077
39500	0.07776	-119.643
39600	0.07776	-112.842
39700	0.07776	-135.616
39800	0.07776	-148.643
39900	0.07776	-141.396
40000	0.07776	-102.805
40100	0.07776	-107.964
40200	0.07776	-144.914
40300	0.07776	-97.7647
40400	0.07776	-125.711
40500	0.07776	-127.466
40600	0.07776	-157.726
40700	0.07776	-108.569
40800	0.07776	-128.021
40900	0.07776	-122.035
41000	0.07776	-128.497
41100	0.07776	-128.64
41200	0.07776	-136.955
41300	0.07776	-144.508
41400	0.07776	-165.102
41500	0.07776	-131.801
41600	0.07776	-123.958
41700	0.07776	-144.037
41800	0.07776	-140.744
41900	0.07776	-130.205
42000	0.07776	-136.364
42100	0.07776	-136.371
42200	0.07776	-141.843
42300	0.07776	-105.952
42400	0.07776	-107.626
42500	0.07776	-123.171
42600	0.07776	-125.234
42700	0.07776	-143.692
42800	0.07776	-120.321
42900	0.07776	-119.44
43000	0.07776	-128.874
43100	0.07776	-99.7223
43200	0.07776	-125.285
43300	0.07776	-136.604
43400	0.07776	-101.665
43500	0.07776	-127.039
43600	0.07776	-126.408
43700	0.07776	-127.135
43800	0.07776	-129.058
43900	0.07776	-128.514
44000	0.07776	-120.84
44100	0.07776	-110.883
44200	0.07776	-122.501
44300	0.07776	-134.437
44400	0.07776	-113.476
44500	0.07776	-108.312
44600	0.07776	-133.014
44700	0.07776	-139.513
44800	0.07776	-131.641
44900	0.07776	-126.162
45000	0.07776	-123.643
45100	0.07776	-152.62
45200	0.07776	-124.583
45300	0.07776	-117.461
45400	0.07776	-128.588
45500	0.07776	-122.703
45600	0.07776	-119.179
45700	0.07776	-99.9566
45800	0.07776	-131.914
45900	0.07776	-124.583
46000	0.07776	-131.504
46100	0.07776	-119.785
46200	0.07776	-133.572
46300	0.07776	-117.071
46400	0.07776	-134.577
46500	0.07776	-126.667
46600	0.07776	-117.367
46700	0.07776	-115.615
46800	0.07776	-134.545
46900	0.07776	-130.724
47000	0.07776	-158.209
47100	0.07776	-151.365
47200	0.07776	-140.66
47300	0.07776	-129.431
47400	0.07776	-115.851
47500	0.07776	-131.44
47600	0.07776	-119.016
47700	0.07776	-120.649
47800	0.07776	-144.434
47900	0.07776	-148.583
48000	0.07776	-138.959
48100	0.07776	-111.018
48200	0.07776	-125.912
48300	0.07776	-129.381
48400	0.07776	-109.068
48500	0.07776	-124.68
48600	0.07776	-134.778
48700	0.07776	-143.785
48800	0.07776	-121.341
48900	0.07776	-154.039
49000	0.07776	-120.479
49100	0.07776	-118.019
49200	0.07776	-132.951
49300	0.07776	-115.165
49400	0.07776	-102.871
49500	0.07776	-127.981
49600	0.07776	-120.838
49700	0.07776	-112.202
49800	0.07776	-129.864
49900	0.07776	-134.926
50000	0.07776	-110.527
50100	0.07776	-132.497
50200	0.07776	-109.713
50300	0.07776	-127.813
50400	0.07776	-111.208
50500	0.07776	-135.032
50600	0.07776	-117.247
50700	0.07776	-146.997
50800	0.07776	-138.113
50900	0.07776	-148.192
51000	0.07776	-141.756
51100	0.07776	-136.322
51200	0.07776	-95.9128
51300	0.07776	-139.369
51400	0.07776	-142.781
51500	0.07776	-131.824
51600	0.07776	-120.626
51700	0.07776	-122.655
51800	0.07776	-106.443
51900	0.07776	-136.871
52000	0.07776	-128.541
52100	0.07776	-125.08
52200	0.07776	-121.455
52300	0.07776	-161.687
52400	0.07776	-112.299
52500	0.07776	-118.912
52600	0.07776	-117.339
52700	0.07776	-139.116
52800	0.07776	-124.04
52900	0.07776	-138.412
53000	0.07776	-122.17
53100	0.07776	-133.358
53200	0.07776	-123.051
53300	0.07776	-149.145
53400	0.07776	-139.642
53500	0.07776	-112.614
53600	0.07776	-130.651
53700	0.07776	-125.481
53800	0.07776	-126.628
53900	0.07776	-126.633
54000	0.07776	-110.16
54100	0.07776	-110.364
54200	0.07776	-123.763
54300	0.07776	-134.595
54400	0.07776	-113.405
54500	0.07776	-112.865
54600	0.07776	-107.194
54700	0.07776	-117.673
54800	0.07776	-135.026
54900	0.07776	-125.785
55000	0.07776	-132.922
55100	0.07776	-141.236
55200	0.07776	-137.401
55300	0.07776	-123.085
55400	0.07776	-123.317
55500	0.07776	-146.796
55600	0.07776	-131.829
55700	0.07776	-161.825
55800	0.07776	-120.729
55900	0.07776	-109.85
56000	0.07776	-124.444
56100	0.07776	-99.1413
56200	0.07776	-138.284
56300	0.07776	-137.568
56400	0.07776	-122.318
56500	0.07776	-121.386
56600	0.07776	-117.191
56700	0.07776	-117.268
56800	0.07776	-137.456
56900	0.07776	-139.665
57000	0.07776	-126.573
57100	0.07776	-131.149
57200	0.07776	-133.308
57300	0.07776	-115.432
57400	0.07776	-134.522
57500	0.07776	-117.9
57600	0.07776	-122.171
57700	0.07776	-133.82
57800	0.07776	-132.283
57900	0.07776	-121.509
58000	0.07776	-140.505
58100	0.07776	-146.879
58200	0.07776	-99.5082
58300	0.07776	-130.126
58400	0.07776	-119.218
58500	0.07776	-134.35
58600	0.07776	-122.741
58700	0.07776	-129.422
58800	0.07776	-135.549
58900	0.07776	-104.275
59000	0.07776	-121.92
59100	0.07776	-137.527
59200	0.07776	-119.397
59300	0.07776	-129.496
59400	0.07776	-124.184
59500	0.07776	-112.4
59600	0.07776	-134.372
59700	0.07776	-138.126
59800	0.07776	-132.706
59900	0.07776	-110.95
60000	0.07776	-108.669
60100	0.07776	-122.38
60200	0.07776	-125.279
60300	0.07776	-149.51
60400	0.07776	-113.796
60500	0.07776	-125.401
60600	0.07776	-130.915
60700	0.07776	-115.242
60800	0.07776	-129.497
60900	0.07776	-147.434
61000	0.07776	-114.848
61100	0.07776	-146.581
61200	0.07776	-142.347
61300	0.07776	-102.384
61400	0.07776	-130.927
61500	0.07776	-130.547
61600	0.07776	-115.891
61700	0.07776	-128.115
61800	0.07776	-119.419
61900	0.07776	-132.375
62000	0.07776	-139.007
62100	0.07776	-150.652
62200	0.07776	-125.32
62300	0.07776	-100.752
62400	0.07776	-128.162
62500	0.07776	-130.054
62600	0.07776	-113.635
62700	0.07776	-129.277
62800	0.07776	-140.508
62900	0.07776	-144.471
63000	0.07776	-110.182
63100	0.07776	-122.308
63200	0.07776	-123.838
63300	0.07776	-118.179
63400	0.07776	-139.852
63500	0.07776	-127.909
63600	0.07776	-120.133
63700	0.07776	-136.791
63800	0.07776	-139.385
63900	0.07776	-142.542
64000	0.07776	-137.489
64100	0.07776	-149.123
64200	0.07776	-124.909
64300	0.07776	-144.093
64400	0.07776	-122.152
64500	0.07776	-140.039
64600	0.07776	-132.665
64700	0.07776	-122.49
64800	0.07776	-140.673
64900	0.07776	-119.295
65000	0.07776	-128.411
65100	0.07776	-90.3954
65200	0.07776	-148.238
65300	0.07776	-129.68
65400	0.07776	-100.514
65500	0.07776	-142.46
65600	0.07776	-120.453
65700	0.07776	-115.466
65800	0.07776	-128.389
65900	0.07776	-107.723
66000	0.07776	-118.857
66100	0.07776	-126.937
66200	0.07776	-115.877
66300	0.07776	-150.582
66400	0.07776	-140.368
66500	0.07776	-127.847
66600	0.07776	-148.831
66700	0.07776	-116.158
66800	0.07776	-122.89
66900	0.07776	-127.654
67000	0.07776	-120.081
67100	0.07776	-118.933
67200	0.07776	-134.392
67300	0.07776	-115.128
67400	0.07776	-124.504
67500	0.07776	-131.808
67600	0.07776	-108.499
67700	0.07776	-135.835
67800	0.07776	-131.557
67900	0.07776	-121.504
68000	0.07776	-118.943
68100	0.07776	-129.682
68200	0.07776	-117.367
68300	0.07776	-133.758
68400	0.07776	-126.074
68500	0.07776	-103.874
68600	0.07776	-125.995
68700	0.07776	-106.229
68800	0.07776	-150.182
68900	0.07776	-129.511
69000	0.07776	-126.568
69100	0.07776	-116.252
69200	0.07776	-115.913
69300	0.07776	-117.738
69400	0.07776	-118.381
69500	0.07776	-128.576
69600	0.07776	-140.66
69700	0.07776	-113.578
69800	0.07776	-119.668
69900	0.07776	-100.707
70000	0.07776	-152.269
70100	0.07776	-140.435
70200	0.07776	-107.999
70300	0.07776	-130.126
70400	0.07776	-123.701
70500	0.07776	-126.75
70600	0.07776	-142.951
70700	0.07776	-138.915
70800	0.07776	-141.586
70900	0.07776	-127.798
71000	0.07776	-131.154
71100	0.07776	-127.158
71200	0.07776	-113.593
71300	0.07776	-113.801
71400	0.07776	-122.497
71500	0.07776	-143.256
71600	0.07776	-121.248
71700	0.07776	-152.663
71800	0.07776	-138.809
71900	0.07776	-129.657
72000	0.07776	-128.111
72100	0.07776	-138.564
72200	0.07776	-102.218
72300	0.07776	-156.384
72400	0.07776	-124.103
72500	0.07776	-128.489
72600	0.07776	-119.885
72700	0.07776	-120.682
72800	0.07776	-127.585
72900	0.07776	-119.067
73000	0.07776	-129.348
73100	0.07776	-135.855
73200	0.07776	-131.731
73300	0.07776	-130.491
73400	0.07776	-121.491
73500	0.07776	-123.528
73600	0.07776	-132.067
73700	0.07776	-114.249
73800	0.07776	-138.077
73900	0.07776	-134.075
74000	0.07776	-119.277
74100	0.07776	-152.025
74200	0.07776	-127.03
74300	0.07776	-106.672
74400	0.07776	-129.449
74500	0.07776	-110.493
74600	0.07776	-131.084
74700	0.07776	-117.628
74800	0.07776	-121.049
74900	0.07776	-152.614
75000	0.07776	-154.894
75100	0.07776	-147.357
75200	0.07776	-119.679
75300	0.07776	-108.009
75400	0.07776	-149.11
75500	0.07776	-130.491
75600	0.07776	-125.669
75700	0.07776	-103.424
75800	0.07776	-146.232
75900	0.07776	-135.261
76000	0.07776	-169.125
76100	0.07776	-103.684
76200	0.07776	-132.119
76300	0.07776	-127.606
76400	0.07776	-130.401
76500	0.07776	-162.977
76600	0.07776	-131.705
76700	0.07776	-119.834
76800	0.07776	-134.027
76900	0.07776	-110.198
77000	0.07776	-132.397
77100	0.07776	-117.176
77200	0.07776	-137.031
77300	0.07776	-119.224
77400	0.07776	-112.577
77500	0.07776	-113.141
77600	0.07776	-130.342
77700	0.07776	-118.66
77800	0.07776	-119.087
77900	0.07776	-128.323
78000	0.07776	-125.701
78100	0.07776	-121.964
78200	0.07776	-137.313
78300	0.07776	-138.949
78400	0.07776	-136.185
78500	0.07776	-146.712
78600	0.07776	-95.3573
78700	0.07776	-119.642
78800	0.07776	-120.121
78900	0.07776	-114.352
79000	0.07776	-120.208
79100	0.07776	-141.59
79200	0.07776	-120.965
79300	0.07776	-106.269
79400	0.07776	-126.558
79500	0.07776	-121.216
79600	0.07776	-118.502
79700	0.07776	-121.277
79800	0.07776	-129.909
79900	0.07776	-150.675
80000	0.07776	-117.359
80100	0.07776	-120.218
80200	0.07776	-131.699
80300	0.07776	-127.406
80400	0.07776	-121.802
80500	0.07776	-113.356
80600	0.07776	-110.456
80700	0.07776	-144.203
80800	0.07776	-112.858
80900	0.07776	-109.494
81000	0.07776	-128.439
81100	0.07776	-134.033
81200	0.07776	-121.314
81300	0.07776	-135.8
81400	0.07776	-96.6369
81500	0.07776	-112.656
81600	0.07776	-125.357
81700	0.07776	-133.703
81800	0.07776	-126.773
81900	0.07776	-130.298
82000	0.07776	-115.546
82100	0.07776	-104.271
82200	0.07776	-119.651
82300	0.07776	-132.717
82400	0.07776	-156.46
82500	0.07776	-117.309
82600	0.07776	-118.265
82700	0.07776	-136.18
82800	0.07776	-129.116
82900	0.07776	-162.148
83000	0.07776	-120.712
83100	0.07776	-122.671
83200	0.07776	-125.512
83300	0.07776	-123.622
83400	0.07776	-140.3
83500	0.07776	-120.182
83600	0.07776	-130.587
83700	0.07776	-125.773
83800	0.07776	-120.164
83900	0.07776	-126.627
84000	0.07776	-149.003
84100	0.07776	-123.091
84200	0.07776	-127.857
84300	0.07776	-124.268
84400	0.07776	-122.07
84500	0.07776	-152.238
84600	0.07776	-100.282
84700	0.07776	-125.725
84800	0.07776	-140.665
84900	0.07776	-131.354
85000	0.07776	-122.802
85100	0.07776	-125.884
85200	0.07776	-117.223
85300	0.07776	-126.163
85400	0.07776	-112.415
85500	0.07776	-134.949
85600	0.07776	-121.141
85700	0.07776	-124.345
85800	0.07776	-119.965
85900	0.07776	-133.766
86000	0.07776	-125.189
86100	0.07776	-125.26
86200	0.07776	-123.057
86300	0.07776	-134.067
86400	0.07776	-117.228
86500	0.07776	-129.311
86600	0.07776	-137.641
86700	0.07776	-120.114
86800	0.07776	-136.665
86900	0.07776	-113.89
87000	0.07776	-124.869
87100	0.07776	-119.799
87200	0.07776	-116.139
87300	0.07776	-142.056
87400	0.07776	-129.7
87500	0.07776	-128.254
87600	0.07776	-130.64
87700	0.07776	-131.496
87800	0.07776	-129.129
87900	0.07776	-113.376
88000	0.07776	-101.684
88100	0.07776	-124.482
88200	0.07776	-137.136
88300	0.07776	-128.288
88400	0.07776	-122.626
88500	0.07776	-125.784
88600	0.07776	-105.453
88700	0.07776	-133.31
88800	0.07776	-130.606
88900	0.07776	-129.849
89000	0.07776	-110.325
89100	0.07776	-137.101
89200	0.07776	-130.535
89300	0.07776	-124.407
89400	0.07776	-149.9
89500	0.07776	-148.423
89600	0.07776	-116.762
89700	0.07776	-134.867
89800	0.07776	-146.062
89900	0.07776	-127.224
90000	0.07776	-94.6311
90100	0.07776	-122.395
90200	0.07776	-125.996
90300	0.07776	-130.442
90400	0.07776	-141.738
90500	0.07776	-123.412
90600	0.07776	-147.269
90700	0.07776	-130.125
90800	0.07776	-127.657
90900	0.07776	-111.37
91000	0.07776	-129.297
91100	0.07776	-116.204
91200	0.07776	-124.899
91300	0.07776	-114.979
91400	0.07776	-147.936
91500	0.07776	-130.726
91600	0.07776	-124.073
91700	0.07776	-122.216
91800	0.07776	-110.857
91900	0.07776	-131.581
92000	0.07776	-153.728
92100	0.07776	-155.527
92200	0.07776	-116.054
92300	0.07776	-150.709
92400	0.07776	-132.897
92500	0.07776	-136.709
92600	0.07776	-143.562
92700	0.07776	-117.332
92800	0.07776	-123.636
92900	0.07776	-129.925
93000	0.07776	-135.277
93100	0.07776	-155.64
93200	0.07776	-137.445
93300	0.07776	-135.599
93400	0.07776	-121.877
93500	0.07776	-108.169
93600	0.07776	-121.968
93700	0.07776	-120.152
93800	0.07776	-155.512
93900	0.07776	-105.664
94000	0.07776	-133.613
94100	0.07776	-116.248
94200	0.07776	-116.844
94300	0.07776	-119.713
94400	0.07776	-112.847
94500	0.07776	-128.689
94600	0.07776	-139.787
94700	0.07776	-126.535
94800	0.07776	-119.245
94900	0.07776	-166.314
95000	0.07776	-104.133
95100	0.07776	-124.393
95200	0.07776	-135.035
95300	0.07776	-119.04
95400	0.07776	-124.408
95500	0.07776	-127.624
95600	0.07776	-127.108
95700	0.07776	-116.057
95800	0.07776	-141.539
95900	0.07776	-120.908
96000	0.07776	-134.648
96100	0.07776	-158.213
96200	0.07776	-132.82
96300	0.07776	-123.327
96400	0.07776	-112.927
96500	0.07776	-138.61
96600	0.07776	-130.972
96700	0.07776	-126.077
96800	0.07776	-121.304
96900	0.07776	-133.243
97000	0.07776	-125.692
97100	0.07776	-117.035
97200	0.07776	-124.642
97300	0.07776	-123.374
97400	0.07776	-130.722
97500	0.07776	-114.197
97600	0.07776	-123.809
97700	0.07776	-122.717
97800	0.07776	-137.969
97900	0.07776	-104.687
98000	0.07776	-145.607
98100	0.07776	-108.977
98200	0.07776	-121.03
98300	0.07776	-119.744
98400	0.07776	-124.218
98500	0.07776	-140.9
98600	0.07776	-121.01
98700	0.07776	-124.642
98800	0.07776	-135.788
98900	0.07776	-126.452
99000	0.07776	-123.343
99100	0.07776	-128.97
99200	0.07776	-128.693
99300	0.07776	-140.602
99400	0.07776	-161.26
99500	0.07776	-111.045
99600	0.07776	-123.324
99700	0.07776	-133.061
99800	0.07776	-137.928
99900	0.07776	-121.483
100000	0.07776	-121.843
