state	power	likelihood
25100	0.00243	-146.673
25200	0.00243	-145.204
25300	0.00243	-128.838
25400	0.00243	-118.826
25500	0.00243	-134.542
25600	0.00243	-154.943
25700	0.00243	-154.227
25800	0.00243	-127.188
25900	0.00243	-155.558
26000	0.00243	-147.741
26100	0.00243	-146.977
26200	0.00243	-121.092
26300	0.00243	-150.078
26400	0.00243	-126.088
26500	0.00243	-139.428
26600	0.00243	-160.987
26700	0.00243	-120.227
26800	0.00243	-152.224
26900	0.00243	-131.083
27000	0.00243	-155.38
27100	0.00243	-145.155
27200	0.00243	-126.682
27300	0.00243	-148.072
27400	0.00243	-133.706
27500	0.00243	-147.809
27600	0.00243	-135.195
27700	0.00243	-144.509
27800	0.00243	-143.283
27900	0.00243	-123.236
28000	0.00243	-131.605
28100	0.00243	-121.741
28200	0.00243	-145.69
28300	0.00243	-150.204
28400	0.00243	-140.071
28500	0.00243	-130.478
28600	0.00243	-137.728
28700	0.00243	-112.618
28800	0.00243	-162.57
28900	0.00243	-158.462
29000	0.00243	-170.388
29100	0.00243	-149.071
29200	0.00243	-137.406
29300	0.00243	-151.145
29400	0.00243	-151.013
29500	0.00243	-148.088
29600	0.00243	-149.602
29700	0.00243	-140.393
29800	0.00243	-138.551
29900	0.00243	-165.643
30000	0.00243	-131.218
30100	0.00243	-135.835
30200	0.00243	-121.289
30300	0.00243	-148.642
30400	0.00243	-170.118
30500	0.00243	-139.533
30600	0.00243	-138.589
30700	0.00243	-144.581
30800	0.00243	-138.422
30900	0.00243	-155.772
31000	0.00243	-128.891
31100	0.00243	-117.78
31200	0.00243	-137.981
31300	0.00243	-147.886
31400	0.00243	-136
31500	0.00243	-131.907
31600	0.00243	-136.955
31700	0.00243	-132.985
31800	0.00243	-147.258
31900	0.00243	-152.45
32000	0.00243	-168.523
32100	0.00243	-166.883
32200	0.00243	-134.564
32300	0.00243	-135.218
32400	0.00243	-149.683
32500	0.00243	-117.226
32600	0.00243	-158.825
32700	0.00243	-152.01
32800	0.00243	-129.102
32900	0.00243	-146.154
33000	0.00243	-153.54
33100	0.00243	-167.511
33200	0.00243	-134.692
33300	0.00243	-122.549
33400	0.00243	-136.756
33500	0.00243	-143.1
33600	0.00243	-150.975
33700	0.00243	-147.102
33800	0.00243	-129.007
33900	0.00243	-158.8
34000	0.00243	-122.642
34100	0.00243	-127.774
34200	0.00243	-122.031
34300	0.00243	-150.089
34400	0.00243	-141.781
34500	0.00243	-133.75
34600	0.00243	-128.021
34700	0.00243	-144.819
34800	0.00243	-147.727
34900	0.00243	-124.965
35000	0.00243	-137.025
35100	0.00243	-141.314
35200	0.00243	-161.386
35300	0.00243	-123.045
35400	0.00243	-164.19
35500	0.00243	-151.297
35600	0.00243	-120.955
35700	0.00243	-147.485
35800	0.00243	-118.694
35900	0.00243	-149.752
36000	0.00243	-135.424
36100	0.00243	-147.66
36200	0.00243	-133.848
36300	0.00243	-132.197
36400	0.00243	-163.354
36500	0.00243	-180.225
36600	0.00243	-136.451
36700	0.00243	-135.853
36800	0.00243	-146.447
36900	0.00243	-169.913
37000	0.00243	-135.357
37100	0.00243	-140.42
37200	0.00243	-129.869
37300	0.00243	-120.315
37400	0.00243	-136.066
37500	0.00243	-170.081
37600	0.00243	-147.05
37700	0.00243	-134.115
37800	0.00243	-131.302
37900	0.00243	-120.833
38000	0.00243	-144.941
38100	0.00243	-119.282
38200	0.00243	-97.2151
38300	0.00243	-118.508
38400	0.00243	-139.977
38500	0.00243	-138.612
38600	0.00243	-128.88
38700	0.00243	-133.585
38800	0.00243	-129.595
38900	0.00243	-154.285
39000	0.00243	-136.08
39100	0.00243	-164.895
39200	0.00243	-162.735
39300	0.00243	-145.882
39400	0.00243	-140.815
39500	0.00243	-136.786
39600	0.00243	-151.365
39700	0.00243	-163.353
39800	0.00243	-130.612
39900	0.00243	-146.91
40000	0.00243	-163.288
40100	0.00243	-131.014
40200	0.00243	-132.722
40300	0.00243	-136.732
40400	0.00243	-135.365
40500	0.00243	-139.878
40600	0.00243	-133.986
40700	0.00243	-169.493
40800	0.00243	-122.67
40900	0.00243	-138.227
41000	0.00243	-140.717
41100	0.00243	-155.833
41200	0.00243	-143.433
41300	0.00243	-125.032
41400	0.00243	-117.455
41500	0.00243	-139.203
41600	0.00243	-134.886
41700	0.00243	-146.883
41800	0.00243	-133.733
41900	0.00243	-131.183
42000	0.00243	-164.295
42100	0.00243	-145.38
42200	0.00243	-130.494
42300	0.00243	-151.113
42400	0.00243	-134.746
42500	0.00243	-155.708
42600	0.00243	-141.989
42700	0.00243	-123.01
42800	0.00243	-136.684
42900	0.00243	-174.607
43000	0.00243	-140.746
43100	0.00243	-137.625
43200	0.00243	-126.685
43300	0.00243	-155.435
43400	0.00243	-129.416
43500	0.00243	-119.709
43600	0.00243	-166.659
43700	0.00243	-138.961
43800	0.00243	-159.043
43900	0.00243	-150.267
44000	0.00243	-135.989
44100	0.00243	-122.414
44200	0.00243	-158.565
44300	0.00243	-152.862
44400	0.00243	-160.364
44500	0.00243	-136.904
44600	0.00243	-148.553
44700	0.00243	-141.645
44800	0.00243	-124.949
44900	0.00243	-132.727
45000	0.00243	-129.429
45100	0.00243	-133.57
45200	0.00243	-148.219
45300	0.00243	-199.352
45400	0.00243	-145.132
45500	0.00243	-133.755
45600	0.00243	-130.541
45700	0.00243	-126.003
45800	0.00243	-137.619
45900	0.00243	-151.744
46000	0.00243	-149.584
46100	0.00243	-143.59
46200	0.00243	-143.279
46300	0.00243	-146.4
46400	0.00243	-155.14
46500	0.00243	-159.978
46600	0.00243	-165.054
46700	0.00243	-133.867
46800	0.00243	-150.132
46900	0.00243	-148.056
47000	0.00243	-142.955
47100	0.00243	-127.244
47200	0.00243	-162.822
47300	0.00243	-134.784
47400	0.00243	-130.072
47500	0.00243	-128.801
47600	0.00243	-160.892
47700	0.00243	-148.143
47800	0.00243	-144.248
47900	0.00243	-143.779
48000	0.00243	-133.65
48100	0.00243	-152.19
48200	0.00243	-134.466
48300	0.00243	-138.435
48400	0.00243	-153.209
48500	0.00243	-131.743
48600	0.00243	-156.637
48700	0.00243	-145.79
48800	0.00243	-133.292
48900	0.00243	-130.184
49000	0.00243	-144.738
49100	0.00243	-139.759
49200	0.00243	-126.178
49300	0.00243	-162.5
49400	0.00243	-143.702
49500	0.00243	-134.985
49600	0.00243	-152.813
49700	0.00243	-131.642
49800	0.00243	-141.412
49900	0.00243	-131.598
50000	0.00243	-140.812
50100	0.00243	-160.374
50200	0.00243	-148.675
50300	0.00243	-127.869
50400	0.00243	-137.792
50500	0.00243	-141.004
50600	0.00243	-138.096
50700	0.00243	-124.313
50800	0.00243	-148.666
50900	0.00243	-157.814
51000	0.00243	-166.137
51100	0.00243	-152.958
51200	0.00243	-127.428
51300	0.00243	-140.967
51400	0.00243	-124.185
51500	0.00243	-127.61
51600	0.00243	-139.957
51700	0.00243	-143.891
51800	0.00243	-153.017
51900	0.00243	-140.144
52000	0.00243	-175.117
52100	0.00243	-151.756
52200	0.00243	-131.282
52300	0.00243	-152.755
52400	0.00243	-147.694
52500	0.00243	-128.462
52600	0.00243	-158.013
52700	0.00243	-141.966
52800	0.00243	-154.424
52900	0.00243	-163.569
53000	0.00243	-141.387
53100	0.00243	-131.292
53200	0.00243	-153.346
53300	0.00243	-127.042
53400	0.00243	-132.87
53500	0.00243	-150.838
53600	0.00243	-140.395
53700	0.00243	-134.231
53800	0.00243	-164.136
53900	0.00243	-132.331
54000	0.00243	-152.078
54100	0.00243	-143.117
54200	0.00243	-163.324
54300	0.00243	-152.745
54400	0.00243	-166.732
54500	0.00243	-131.082
54600	0.00243	-166.484
54700	0.00243	-121.441
54800	0.00243	-137.722
54900	0.00243	-162.802
55000	0.00243	-137.472
55100	0.00243	-139.546
55200	0.00243	-142.841
55300	0.00243	-103.361
55400	0.00243	-152.197
55500	0.00243	-111.566
55600	0.00243	-156.007
55700	0.00243	-133.949
55800	0.00243	-127.339
55900	0.00243	-139.772
56000	0.00243	-162.714
56100	0.00243	-143.494
56200	0.00243	-133.393
56300	0.00243	-145.509
56400	0.00243	-142.734
56500	0.00243	-172.648
56600	0.00243	-162.721
56700	0.00243	-134.825
56800	0.00243	-129.856
56900	0.00243	-156.429
57000	0.00243	-146.374
57100	0.00243	-177.358
57200	0.00243	-142.929
57300	0.00243	-143.556
57400	0.00243	-142.493
57500	0.00243	-112.915
57600	0.00243	-158.911
57700	0.00243	-139.418
57800	0.00243	-139.855
57900	0.00243	-150.799
58000	0.00243	-135.093
58100	0.00243	-120.104
58200	0.00243	-155.457
58300	0.00243	-147.085
58400	0.00243	-126.482
58500	0.00243	-149.659
58600	0.00243	-140.933
58700	0.00243	-160.399
58800	0.00243	-140.698
58900	0.00243	-136.072
59000	0.00243	-131.529
59100	0.00243	-164.316
59200	0.00243	-148.758
59300	0.00243	-144.404
59400	0.00243	-149.476
59500	0.00243	-118.345
59600	0.00243	-134.735
59700	0.00243	-156.271
59800	0.00243	-131.851
59900	0.00243	-119.948
60000	0.00243	-158.181
60100	0.00243	-116.552
60200	0.00243	-157.859
60300	0.00243	-163.117
60400	0.00243	-122.623
60500	0.00243	-158.199
60600	0.00243	-150.007
60700	0.00243	-132.629
60800	0.00243	-143.125
60900	0.00243	-142.53
61000	0.00243	-133.043
61100	0.00243	-143.66
61200	0.00243	-172.094
61300	0.00243	-132.149
61400	0.00243	-133.726
61500	0.00243	-143.151
61600	0.00243	-157.43
61700	0.00243	-126.724
61800	0.00243	-147.261
61900	0.00243	-125.368
62000	0.00243	-142.904
62100	0.00243	-138.848
62200	0.00243	-196.571
62300	0.00243	-138.256
62400	0.00243	-129.525
62500	0.00243	-125.182
62600	0.00243	-132.461
62700	0.00243	-138.613
62800	0.00243	-193.483
62900	0.00243	-133.292
63000	0.00243	-171.612
63100	0.00243	-141.357
63200	0.00243	-127.732
63300	0.00243	-115.395
63400	0.00243	-128.475
63500	0.00243	-188.487
63600	0.00243	-136.815
63700	0.00243	-141.933
63800	0.00243	-121.837
63900	0.00243	-129.352
64000	0.00243	-134.31
64100	0.00243	-144.838
64200	0.00243	-154.423
64300	0.00243	-159.265
64400	0.00243	-146.754
64500	0.00243	-167.053
64600	0.00243	-142.328
64700	0.00243	-121.286
64800	0.00243	-125.588
64900	0.00243	-148.628
65000	0.00243	-132.038
65100	0.00243	-154.174
65200	0.00243	-155.767
65300	0.00243	-137.186
65400	0.00243	-149.059
65500	0.00243	-149.865
65600	0.00243	-123.157
65700	0.00243	-123.087
65800	0.00243	-147.016
65900	0.00243	-125.264
66000	0.00243	-143.575
66100	0.00243	-144.606
66200	0.00243	-145.455
66300	0.00243	-143.722
66400	0.00243	-158.337
66500	0.00243	-178.077
66600	0.00243	-129.34
66700	0.00243	-177.527
66800	0.00243	-145.01
66900	0.00243	-135.628
67000	0.00243	-155.448
67100	0.00243	-143.18
67200	0.00243	-162.51
67300	0.00243	-123.614
67400	0.00243	-128.943
67500	0.00243	-136.587
67600	0.00243	-160.387
67700	0.00243	-133.697
67800	0.00243	-143.203
67900	0.00243	-144.279
68000	0.00243	-143.699
68100	0.00243	-145.435
68200	0.00243	-166.895
68300	0.00243	-123.704
68400	0.00243	-187.85
68500	0.00243	-131.961
68600	0.00243	-144.369
68700	0.00243	-134.721
68800	0.00243	-162.098
68900	0.00243	-140.078
69000	0.00243	-137.819
69100	0.00243	-156.458
69200	0.00243	-148.802
69300	0.00243	-140.51
69400	0.00243	-141.2
69500	0.00243	-147.734
69600	0.00243	-129.797
69700	0.00243	-138.777
69800	0.00243	-134.692
69900	0.00243	-151.365
70000	0.00243	-140.942
70100	0.00243	-122.394
70200	0.00243	-149.194
70300	0.00243	-152.217
70400	0.00243	-160.102
70500	0.00243	-133.956
70600	0.00243	-130.228
70700	0.00243	-158.681
70800	0.00243	-153.417
70900	0.00243	-126.604
71000	0.00243	-142.91
71100	0.00243	-158.602
71200	0.00243	-139.31
71300	0.00243	-146.545
71400	0.00243	-144.735
71500	0.00243	-129.191
71600	0.00243	-153.376
71700	0.00243	-157.982
71800	0.00243	-122.173
71900	0.00243	-139.312
72000	0.00243	-128.658
72100	0.00243	-134.802
72200	0.00243	-167.122
72300	0.00243	-140.312
72400	0.00243	-135.616
72500	0.00243	-142.699
72600	0.00243	-160.432
72700	0.00243	-113.885
72800	0.00243	-158.333
72900	0.00243	-132.625
73000	0.00243	-137.863
73100	0.00243	-180.62
73200	0.00243	-130.588
73300	0.00243	-149.678
73400	0.00243	-137.331
73500	0.00243	-156.311
73600	0.00243	-141.993
73700	0.00243	-163.838
73800	0.00243	-122.988
73900	0.00243	-135.796
74000	0.00243	-128.675
74100	0.00243	-141.814
74200	0.00243	-160.018
74300	0.00243	-138.658
74400	0.00243	-152.784
74500	0.00243	-139.33
74600	0.00243	-137.366
74700	0.00243	-149.253
74800	0.00243	-139.008
74900	0.00243	-145.672
75000	0.00243	-118.182
75100	0.00243	-131.893
75200	0.00243	-137.081
75300	0.00243	-161.756
75400	0.00243	-148.618
75500	0.00243	-156.082
75600	0.00243	-141.838
75700	0.00243	-136.638
75800	0.00243	-148.775
75900	0.00243	-127.469
76000	0.00243	-140.994
76100	0.00243	-132.657
76200	0.00243	-134.037
76300	0.00243	-147.42
76400	0.00243	-125.218
76500	0.00243	-132.858
76600	0.00243	-163.658
76700	0.00243	-144.463
76800	0.00243	-135.559
76900	0.00243	-111.732
77000	0.00243	-174.942
77100	0.00243	-135.802
77200	0.00243	-125.972
77300	0.00243	-193.443
77400	0.00243	-127.886
77500	0.00243	-138.175
77600	0.00243	-138.3
77700	0.00243	-113.808
77800	0.00243	-145.741
77900	0.00243	-152.061
78000	0.00243	-162.142
78100	0.00243	-146.121
78200	0.00243	-154.896
78300	0.00243	-149.596
78400	0.00243	-149.345
78500	0.00243	-148.653
78600	0.00243	-130.776
78700	0.00243	-117.651
78800	0.00243	-157.505
78900	0.00243	-178.422
79000	0.00243	-187.688
79100	0.00243	-129.45
79200	0.00243	-147.231
79300	0.00243	-165.561
79400	0.00243	-155.708
79500	0.00243	-124.274
79600	0.00243	-149.559
79700	0.00243	-143.21
79800	0.00243	-154.296
79900	0.00243	-124.182
80000	0.00243	-130.25
80100	0.00243	-144.232
80200	0.00243	-118.467
80300	0.00243	-153.737
80400	0.00243	-175.225
80500	0.00243	-132.953
80600	0.00243	-156.526
80700	0.00243	-152.039
80800	0.00243	-138.89
80900	0.00243	-114.632
81000	0.00243	-130.93
81100	0.00243	-125.627
81200	0.00243	-128.48
81300	0.00243	-144.025
81400	0.00243	-166.479
81500	0.00243	-146.127
81600	0.00243	-140.428
81700	0.00243	-143.563
81800	0.00243	-174.019
81900	0.00243	-137.298
82000	0.00243	-133.775
82100	0.00243	-147.044
82200	0.00243	-115.687
82300	0.00243	-140.115
82400	0.00243	-123.312
82500	0.00243	-131.153
82600	0.00243	-166.249
82700	0.00243	-131.597
82800	0.00243	-162.385
82900	0.00243	-124.083
83000	0.00243	-120.249
83100	0.00243	-153.939
83200	0.00243	-140.067
83300	0.00243	-145.916
83400	0.00243	-151.694
83500	0.00243	-146.684
83600	0.00243	-157.84
83700	0.00243	-126.631
83800	0.00243	-146.779
83900	0.00243	-130.993
84000	0.00243	-134.561
84100	0.00243	-142.269
84200	0.00243	-142.702
84300	0.00243	-113.739
84400	0.00243	-140.725
84500	0.00243	-127.556
84600	0.00243	-165.746
84700	0.00243	-114.064
84800	0.00243	-127.319
84900	0.00243	-138.699
85000	0.00243	-118.21
85100	0.00243	-163.391
85200	0.00243	-142.602
85300	0.00243	-131.613
85400	0.00243	-152.087
85500	0.00243	-158.613
85600	0.00243	-130.362
85700	0.00243	-147.195
85800	0.00243	-118.705
85900	0.00243	-129.601
86000	0.00243	-132.599
86100	0.00243	-137.547
86200	0.00243	-131.485
86300	0.00243	-127.424
86400	0.00243	-138.713
86500	0.00243	-126.401
86600	0.00243	-131.69
86700	0.00243	-145.463
86800	0.00243	-121.817
86900	0.00243	-120.066
87000	0.00243	-155.176
87100	0.00243	-153.214
87200	0.00243	-141.498
87300	0.00243	-143.065
87400	0.00243	-153.072
87500	0.00243	-124.648
87600	0.00243	-136.905
87700	0.00243	-176.114
87800	0.00243	-142.399
87900	0.00243	-152.714
88000	0.00243	-150.629
88100	0.00243	-131.257
88200	0.00243	-129.212
88300	0.00243	-133.752
88400	0.00243	-118.563
88500	0.00243	-130.464
88600	0.00243	-149.944
88700	0.00243	-127.552
88800	0.00243	-149.208
88900	0.00243	-135.127
89000	0.00243	-124.983
89100	0.00243	-148.626
89200	0.00243	-154.399
89300	0.00243	-104.496
89400	0.00243	-145.599
89500	0.00243	-157.58
89600	0.00243	-132.702
89700	0.00243	-153.956
89800	0.00243	-122.252
89900	0.00243	-144.312
90000	0.00243	-185.934
90100	0.00243	-128.618
90200	0.00243	-158.863
90300	0.00243	-174.002
90400	0.00243	-134.11
90500	0.00243	-112.427
90600	0.00243	-137.273
90700	0.00243	-137.137
90800	0.00243	-143.735
90900	0.00243	-146.499
91000	0.00243	-137.533
91100	0.00243	-151.751
91200	0.00243	-127.6
91300	0.00243	-153.075
91400	0.00243	-172.534
91500	0.00243	-124.254
91600	0.00243	-161.534
91700	0.00243	-142.634
91800	0.00243	-116.88
91900	0.00243	-141.802
92000	0.00243	-135.607
92100	0.00243	-130.629
92200	0.00243	-134.167
92300	0.00243	-117.923
92400	0.00243	-149.562
92500	0.00243	-132.035
92600	0.00243	-136.36
92700	0.00243	-127.283
92800	0.00243	-137.729
92900	0.00243	-140.326
93000	0.00243	-153.697
93100	0.00243	-167.029
93200	0.00243	-136.93
93300	0.00243	-135.386
93400	0.00243	-135.46
93500	0.00243	-174.486
93600	0.00243	-145.71
93700	0.00243	-147.116
93800	0.00243	-134.661
93900	0.00243	-140.358
94000	0.00243	-150.974
94100	0.00243	-134.749
94200	0.00243	-140.966
94300	0.00243	-143.784
94400	0.00243	-150.834
94500	0.00243	-167.615
94600	0.00243	-150.051
94700	0.00243	-129.32
94800	0.00243	-150.891
94900	0.00243	-153.454
95000	0.00243	-145.95
95100	0.00243	-127.416
95200	0.00243	-149.156
95300	0.00243	-125.336
95400	0.00243	-126.699
95500	0.00243	-133.885
95600	0.00243	-129.189
95700	0.00243	-134.333
95800	0.00243	-136.128
95900	0.00243	-142.154
96000	0.00243	-158.843
96100	0.00243	-129.534
96200	0.00243	-116.628
96300	0.00243	-140.918
96400	0.00243	-129.754
96500	0.00243	-169.288
96600	0.00243	-136.886
96700	0.00243	-124.368
96800	0.00243	-139.422
96900	0.00243	-164.226
97000	0.00243	-137.789
97100	0.00243	-138.156
97200	0.00243	-153.867
97300	0.00243	-131.108
97400	0.00243	-134.761
97500	0.00243	-145.488
97600	0.00243	-142.428
97700	0.00243	-128.94
97800	0.00243	-144.129
97900	0.00243	-124.663
98000	0.00243	-150.222
98100	0.00243	-135.555
98200	0.00243	-131.897
98300	0.00243	-145.333
98400	0.00243	-147.87
98500	0.00243	-112.467
98600	0.00243	-138.664
98700	0.00243	-176.73
98800	0.00243	-134.664
98900	0.00243	-148.066
99000	0.00243	-165.471
99100	0.00243	-152.661
99200	0.00243	-150.243
99300	0.00243	-168.528
99400	0.00243	-120.684
99500	0.00243	-135.39
99600	0.00243	-141.614
99700	0.00243	-153.839
99800	0.00243	-128.813
99900	0.00243	-146.474
100000	0.00243	-174.779
