state	power	likelihood
25100	0.59049	-83.9057
25200	0.59049	-81.768
25300	0.59049	-79.2918
25400	0.59049	-82.5505
25500	0.59049	-79.7217
25600	0.59049	-87.8682
25700	0.59049	-81.8676
25800	0.59049	-88.0209
25900	0.59049	-88.1713
26000	0.59049	-76.7988
26100	0.59049	-87.4833
26200	0.59049	-78.118
26300	0.59049	-83.6238
26400	0.59049	-78.7563
26500	0.59049	-80.0572
26600	0.59049	-86.1329
26700	0.59049	-86.1702
26800	0.59049	-89.2071
26900	0.59049	-87.5855
27000	0.59049	-79.4713
27100	0.59049	-85.0944
27200	0.59049	-91.7247
27300	0.59049	-80.5807
27400	0.59049	-88.7232
27500	0.59049	-81.8681
27600	0.59049	-87.7832
27700	0.59049	-89.4185
27800	0.59049	-82.6963
27900	0.59049	-80.069
28000	0.59049	-86.2555
28100	0.59049	-95.5602
28200	0.59049	-89.0964
28300	0.59049	-85.4108
28400	0.59049	-83.4819
28500	0.59049	-79.8947
28600	0.59049	-81.2041
28700	0.59049	-97.5683
28800	0.59049	-83.498
28900	0.59049	-81.9575
29000	0.59049	-89.0849
29100	0.59049	-84.9816
29200	0.59049	-81.1803
29300	0.59049	-83.4329
29400	0.59049	-86.6516
29500	0.59049	-107.614
29600	0.59049	-91.4653
29700	0.59049	-85.6344
29800	0.59049	-83.6457
29900	0.59049	-81.8501
30000	0.59049	-81.9601
30100	0.59049	-78.9996
30200	0.59049	-78.5602
30300	0.59049	-85.8535
30400	0.59049	-78.8533
30500	0.59049	-82.6406
30600	0.59049	-79.2148
30700	0.59049	-88.9717
30800	0.59049	-82.8293
30900	0.59049	-86.0416
31000	0.59049	-79.9888
31100	0.59049	-86.3788
31200	0.59049	-87.4264
31300	0.59049	-80.9852
31400	0.59049	-87.0536
31500	0.59049	-89.3843
31600	0.59049	-82.1873
31700	0.59049	-91.9836
31800	0.59049	-94.1138
31900	0.59049	-87.6269
32000	0.59049	-86.6769
32100	0.59049	-87.6187
32200	0.59049	-85.4911
32300	0.59049	-84.9831
32400	0.59049	-78.539
32500	0.59049	-86.0509
32600	0.59049	-86.8228
32700	0.59049	-81.8526
32800	0.59049	-84.8658
32900	0.59049	-81.5389
33000	0.59049	-89.066
33100	0.59049	-93.2206
33200	0.59049	-88.1032
33300	0.59049	-82.9572
33400	0.59049	-94.2691
33500	0.59049	-86.586
33600	0.59049	-82.2804
33700	0.59049	-88.5911
33800	0.59049	-75.5973
33900	0.59049	-85.1391
34000	0.59049	-84.4741
34100	0.59049	-85.5538
34200	0.59049	-79.3269
34300	0.59049	-78.1592
34400	0.59049	-89.2479
34500	0.59049	-79.9531
34600	0.59049	-85.0535
34700	0.59049	-79.9498
34800	0.59049	-90.8986
34900	0.59049	-85.1352
35000	0.59049	-85.6119
35100	0.59049	-79.4329
35200	0.59049	-82.1345
35300	0.59049	-82.1311
35400	0.59049	-85.3317
35500	0.59049	-83.1086
35600	0.59049	-92.9705
35700	0.59049	-85.5972
35800	0.59049	-97.6259
35900	0.59049	-84.9387
36000	0.59049	-77.2355
36100	0.59049	-85.3309
36200	0.59049	-83.0119
36300	0.59049	-94.6339
36400	0.59049	-78.2922
36500	0.59049	-88.658
36600	0.59049	-82.2397
36700	0.59049	-84.425
36800	0.59049	-81.5385
36900	0.59049	-79.1621
37000	0.59049	-85.2885
37100	0.59049	-80.058
37200	0.59049	-80.4545
37300	0.59049	-86.6934
37400	0.59049	-85.8383
37500	0.59049	-80.0288
37600	0.59049	-83.7033
37700	0.59049	-87.4009
37800	0.59049	-89.2727
37900	0.59049	-77.3504
38000	0.59049	-83.0088
38100	0.59049	-95.9672
38200	0.59049	-80.8772
38300	0.59049	-83.6985
38400	0.59049	-80.8403
38500	0.59049	-77.5748
38600	0.59049	-90.8445
38700	0.59049	-91.3638
38800	0.59049	-82.785
38900	0.59049	-87.9081
39000	0.59049	-83.2626
39100	0.59049	-92.5504
39200	0.59049	-85.5994
39300	0.59049	-78.6902
39400	0.59049	-80.9265
39500	0.59049	-85.5714
39600	0.59049	-86.5473
39700	0.59049	-83.4952
39800	0.59049	-82.0205
39900	0.59049	-82.3056
40000	0.59049	-81.5003
40100	0.59049	-87.9638
40200	0.59049	-87.2217
40300	0.59049	-74.4869
40400	0.59049	-88.9266
40500	0.59049	-84.3265
40600	0.59049	-86.2987
40700	0.59049	-82.1717
40800	0.59049	-86.6562
40900	0.59049	-86.3888
41000	0.59049	-77.7724
41100	0.59049	-90.1017
41200	0.59049	-88.5852
41300	0.59049	-80.0108
41400	0.59049	-89.6958
41500	0.59049	-79.3189
41600	0.59049	-88.9106
41700	0.59049	-78.9906
41800	0.59049	-94.9686
41900	0.59049	-89.8961
42000	0.59049	-85.1522
42100	0.59049	-79.8468
42200	0.59049	-77.9624
42300	0.59049	-81.8014
42400	0.59049	-85.6499
42500	0.59049	-79.4595
42600	0.59049	-84.0701
42700	0.59049	-85.1299
42800	0.59049	-86.5788
42900	0.59049	-85.2221
43000	0.59049	-80.0877
43100	0.59049	-78.3349
43200	0.59049	-80.9084
43300	0.59049	-79.1731
43400	0.59049	-81.0032
43500	0.59049	-80.1638
43600	0.59049	-76.8783
43700	0.59049	-81.1916
43800	0.59049	-96.2679
43900	0.59049	-79.5257
44000	0.59049	-92.4995
44100	0.59049	-89.2723
44200	0.59049	-85.1957
44300	0.59049	-84.5144
44400	0.59049	-85.5955
44500	0.59049	-77.4076
44600	0.59049	-86.9883
44700	0.59049	-85.4708
44800	0.59049	-83.2611
44900	0.59049	-89.6464
45000	0.59049	-90.2127
45100	0.59049	-81.7955
45200	0.59049	-79.0344
45300	0.59049	-84.5338
45400	0.59049	-82.3616
45500	0.59049	-85.3651
45600	0.59049	-77.975
45700	0.59049	-82.3575
45800	0.59049	-78.3458
45900	0.59049	-80.1604
46000	0.59049	-81.266
46100	0.59049	-86.7591
46200	0.59049	-75.8573
46300	0.59049	-85.5707
46400	0.59049	-80.363
46500	0.59049	-87.3014
46600	0.59049	-91.6261
46700	0.59049	-83.7211
46800	0.59049	-80.8542
46900	0.59049	-84.7434
47000	0.59049	-78.6761
47100	0.59049	-85.0013
47200	0.59049	-76.2236
47300	0.59049	-80.6452
47400	0.59049	-81.5277
47500	0.59049	-82.6075
47600	0.59049	-78.8086
47700	0.59049	-82.5486
47800	0.59049	-78.7658
47900	0.59049	-90.0629
48000	0.59049	-82.9844
48100	0.59049	-84.8238
48200	0.59049	-92.2118
48300	0.59049	-87.018
48400	0.59049	-84.8543
48500	0.59049	-86.5028
48600	0.59049	-79.4771
48700	0.59049	-90.485
48800	0.59049	-82.6359
48900	0.59049	-83.4879
49000	0.59049	-79.0028
49100	0.59049	-84.7021
49200	0.59049	-87.003
49300	0.59049	-88.1049
49400	0.59049	-84.6095
49500	0.59049	-84.9876
49600	0.59049	-84.8002
49700	0.59049	-79.0922
49800	0.59049	-78.4427
49900	0.59049	-85.4207
50000	0.59049	-79.3525
50100	0.59049	-83.0599
50200	0.59049	-81.0003
50300	0.59049	-85.7
50400	0.59049	-78.6637
50500	0.59049	-79.1535
50600	0.59049	-99.8056
50700	0.59049	-82.9547
50800	0.59049	-87.6737
50900	0.59049	-91.9444
51000	0.59049	-77.8278
51100	0.59049	-77.7561
51200	0.59049	-89.6707
51300	0.59049	-85.2241
51400	0.59049	-81.7516
51500	0.59049	-86.045
51600	0.59049	-81.0222
51700	0.59049	-81.5306
51800	0.59049	-89.8437
51900	0.59049	-83.2276
52000	0.59049	-78.2021
52100	0.59049	-80.9473
52200	0.59049	-82.5223
52300	0.59049	-77.0207
52400	0.59049	-84.8315
52500	0.59049	-82.8577
52600	0.59049	-86.3671
52700	0.59049	-96.436
52800	0.59049	-73.9282
52900	0.59049	-78.843
53000	0.59049	-85.0134
53100	0.59049	-81.9795
53200	0.59049	-80.2035
53300	0.59049	-90.1073
53400	0.59049	-90.1751
53500	0.59049	-84.8537
53600	0.59049	-89.8936
53700	0.59049	-87.5722
53800	0.59049	-88.2063
53900	0.59049	-80.116
54000	0.59049	-84.7255
54100	0.59049	-80.9004
54200	0.59049	-86.0471
54300	0.59049	-79.7376
54400	0.59049	-78.044
54500	0.59049	-82.1756
54600	0.59049	-92.8258
54700	0.59049	-80.4757
54800	0.59049	-84.8151
54900	0.59049	-87.2801
55000	0.59049	-87.0866
55100	0.59049	-80.7956
55200	0.59049	-82.9362
55300	0.59049	-88.0922
55400	0.59049	-81.5785
55500	0.59049	-80.606
55600	0.59049	-81.7921
55700	0.59049	-80.9806
55800	0.59049	-81.6794
55900	0.59049	-81.3901
56000	0.59049	-90.1867
56100	0.59049	-86.1004
56200	0.59049	-84.0022
56300	0.59049	-84.0671
56400	0.59049	-88.075
56500	0.59049	-85.9705
56600	0.59049	-82.7215
56700	0.59049	-80.6437
56800	0.59049	-82.9076
56900	0.59049	-84.4352
57000	0.59049	-83.1035
57100	0.59049	-81.8189
57200	0.59049	-84.5237
57300	0.59049	-86.636
57400	0.59049	-79.8171
57500	0.59049	-85.8466
57600	0.59049	-84.8977
57700	0.59049	-79.3274
57800	0.59049	-86.816
57900	0.59049	-83.3244
58000	0.59049	-78.2268
58100	0.59049	-86.6258
58200	0.59049	-88.8956
58300	0.59049	-83.522
58400	0.59049	-83.0497
58500	0.59049	-82.2753
58600	0.59049	-82.1702
58700	0.59049	-84.7609
58800	0.59049	-94.4889
58900	0.59049	-90.8736
59000	0.59049	-77.4258
59100	0.59049	-75.9763
59200	0.59049	-83.9474
59300	0.59049	-85.4445
59400	0.59049	-78.7302
59500	0.59049	-84.8201
59600	0.59049	-81.6702
59700	0.59049	-91.1566
59800	0.59049	-82.1077
59900	0.59049	-96.938
60000	0.59049	-83.3193
60100	0.59049	-87.0634
60200	0.59049	-81.1022
60300	0.59049	-77.2519
60400	0.59049	-84.7821
60500	0.59049	-83.8401
60600	0.59049	-96.4189
60700	0.59049	-86.2936
60800	0.59049	-79.2205
60900	0.59049	-82.681
61000	0.59049	-81.6548
61100	0.59049	-78.0479
61200	0.59049	-86.9983
61300	0.59049	-84.9503
61400	0.59049	-84.1695
61500	0.59049	-81.4273
61600	0.59049	-84.2639
61700	0.59049	-85.1332
61800	0.59049	-85.8523
61900	0.59049	-83.9502
62000	0.59049	-84.3729
62100	0.59049	-86.4195
62200	0.59049	-83.4667
62300	0.59049	-91.9687
62400	0.59049	-89.1325
62500	0.59049	-83.8646
62600	0.59049	-86.1345
62700	0.59049	-76.7351
62800	0.59049	-89.7319
62900	0.59049	-89.1022
63000	0.59049	-87.5769
63100	0.59049	-81.0008
63200	0.59049	-83.2261
63300	0.59049	-86.5104
63400	0.59049	-81.4211
63500	0.59049	-89.2033
63600	0.59049	-94.8738
63700	0.59049	-84.9359
63800	0.59049	-82.4362
63900	0.59049	-78.3807
64000	0.59049	-81.9806
64100	0.59049	-78.8507
64200	0.59049	-92.4134
64300	0.59049	-78.2284
64400	0.59049	-83.4568
64500	0.59049	-80.3287
64600	0.59049	-86.8622
64700	0.59049	-75.9681
64800	0.59049	-86.3524
64900	0.59049	-79.0004
65000	0.59049	-79.5658
65100	0.59049	-81.338
65200	0.59049	-86.7835
65300	0.59049	-83.5824
65400	0.59049	-84.7146
65500	0.59049	-88.2185
65600	0.59049	-80.5208
65700	0.59049	-89.5057
65800	0.59049	-78.0334
65900	0.59049	-84.7085
66000	0.59049	-81.1165
66100	0.59049	-82.7948
66200	0.59049	-81.2515
66300	0.59049	-76.1963
66400	0.59049	-90.0559
66500	0.59049	-81.086
66600	0.59049	-81.0157
66700	0.59049	-78.5073
66800	0.59049	-82.501
66900	0.59049	-82.69
67000	0.59049	-87.4377
67100	0.59049	-88.5654
67200	0.59049	-80.4292
67300	0.59049	-89.4324
67400	0.59049	-86.2431
67500	0.59049	-86.8971
67600	0.59049	-83.6332
67700	0.59049	-78.3752
67800	0.59049	-89.4459
67900	0.59049	-82.8728
68000	0.59049	-83.9225
68100	0.59049	-86.5192
68200	0.59049	-86.0862
68300	0.59049	-86.4816
68400	0.59049	-80.5157
68500	0.59049	-80.8734
68600	0.59049	-84.5251
68700	0.59049	-82.7482
68800	0.59049	-87.1284
68900	0.59049	-79.6142
69000	0.59049	-90.1182
69100	0.59049	-80.3503
69200	0.59049	-75.4441
69300	0.59049	-84.9471
69400	0.59049	-88.9937
69500	0.59049	-84.8263
69600	0.59049	-83.6829
69700	0.59049	-79.2522
69800	0.59049	-81.3849
69900	0.59049	-88.2484
70000	0.59049	-85.4406
70100	0.59049	-83.7762
70200	0.59049	-81.1512
70300	0.59049	-77.5199
70400	0.59049	-78.1234
70500	0.59049	-99.2943
70600	0.59049	-82.0038
70700	0.59049	-81.1264
70800	0.59049	-85.2804
70900	0.59049	-82.9414
71000	0.59049	-83.1911
71100	0.59049	-81.684
71200	0.59049	-80.859
71300	0.59049	-77.084
71400	0.59049	-84.7002
71500	0.59049	-85.999
71600	0.59049	-81.4932
71700	0.59049	-87.8929
71800	0.59049	-85.9833
71900	0.59049	-80.3876
72000	0.59049	-86.0322
72100	0.59049	-81.769
72200	0.59049	-85.2613
72300	0.59049	-86.8832
72400	0.59049	-90.1351
72500	0.59049	-88.0074
72600	0.59049	-92.0209
72700	0.59049	-82.899
72800	0.59049	-85.4118
72900	0.59049	-85.0383
73000	0.59049	-87.2673
73100	0.59049	-81.9346
73200	0.59049	-78.6673
73300	0.59049	-83.5465
73400	0.59049	-86.1274
73500	0.59049	-81.8512
73600	0.59049	-76.6771
73700	0.59049	-88.4194
73800	0.59049	-85.3219
73900	0.59049	-76.4594
74000	0.59049	-83.873
74100	0.59049	-82.2011
74200	0.59049	-88.7116
74300	0.59049	-84.8277
74400	0.59049	-84.0604
74500	0.59049	-80.5912
74600	0.59049	-87.8799
74700	0.59049	-88.8856
74800	0.59049	-87.8632
74900	0.59049	-83.3267
75000	0.59049	-79.7004
75100	0.59049	-80.315
75200	0.59049	-98.6506
75300	0.59049	-80.5635
75400	0.59049	-87.385
75500	0.59049	-81.847
75600	0.59049	-77.323
75700	0.59049	-90.8821
75800	0.59049	-84.7728
75900	0.59049	-86.5264
76000	0.59049	-88.6238
76100	0.59049	-80.3214
76200	0.59049	-89.0242
76300	0.59049	-77.7523
76400	0.59049	-91.5003
76500	0.59049	-81.6357
76600	0.59049	-89.8322
76700	0.59049	-82.722
76800	0.59049	-79.9216
76900	0.59049	-81.6286
77000	0.59049	-78.4882
77100	0.59049	-80.7722
77200	0.59049	-83.6715
77300	0.59049	-83.3564
77400	0.59049	-86.6108
77500	0.59049	-76.3738
77600	0.59049	-81.8502
77700	0.59049	-79.3267
77800	0.59049	-79.9829
77900	0.59049	-98.4361
78000	0.59049	-81.9894
78100	0.59049	-85.9853
78200	0.59049	-76.8789
78300	0.59049	-80.3543
78400	0.59049	-82.019
78500	0.59049	-84.9679
78600	0.59049	-84.6533
78700	0.59049	-79.8153
78800	0.59049	-84.7905
78900	0.59049	-78.6138
79000	0.59049	-94.2472
79100	0.59049	-82.0736
79200	0.59049	-80.959
79300	0.59049	-88.824
79400	0.59049	-77.0442
79500	0.59049	-82.4545
79600	0.59049	-96.2787
79700	0.59049	-80.445
79800	0.59049	-84.9133
79900	0.59049	-84.1197
80000	0.59049	-78.2239
80100	0.59049	-87.5835
80200	0.59049	-85.8308
80300	0.59049	-85.1592
80400	0.59049	-79.0367
80500	0.59049	-78.5587
80600	0.59049	-86.9448
80700	0.59049	-87.253
80800	0.59049	-86.7229
80900	0.59049	-85.2129
81000	0.59049	-79.1359
81100	0.59049	-86.2383
81200	0.59049	-88.4432
81300	0.59049	-80.2103
81400	0.59049	-76.355
81500	0.59049	-96.1388
81600	0.59049	-84.348
81700	0.59049	-80.6731
81800	0.59049	-84.348
81900	0.59049	-79.4462
82000	0.59049	-78.8283
82100	0.59049	-80.474
82200	0.59049	-79.7315
82300	0.59049	-81.0292
82400	0.59049	-86.3307
82500	0.59049	-89.0386
82600	0.59049	-95.5515
82700	0.59049	-79.1261
82800	0.59049	-80.8921
82900	0.59049	-95.8977
83000	0.59049	-87.2375
83100	0.59049	-81.6975
83200	0.59049	-78.5905
83300	0.59049	-88.0805
83400	0.59049	-87.3726
83500	0.59049	-83.22
83600	0.59049	-87.7665
83700	0.59049	-77.6828
83800	0.59049	-78.7443
83900	0.59049	-81.4921
84000	0.59049	-90.465
84100	0.59049	-84.2997
84200	0.59049	-86.0196
84300	0.59049	-87.0823
84400	0.59049	-84.2937
84500	0.59049	-81.6732
84600	0.59049	-80.1969
84700	0.59049	-81.7505
84800	0.59049	-84.5208
84900	0.59049	-84.5912
85000	0.59049	-86.623
85100	0.59049	-79.1642
85200	0.59049	-83.7518
85300	0.59049	-84.0897
85400	0.59049	-84.8814
85500	0.59049	-84.1696
85600	0.59049	-80.4553
85700	0.59049	-90.7042
85800	0.59049	-84.1373
85900	0.59049	-91.9197
86000	0.59049	-82.6558
86100	0.59049	-77.9256
86200	0.59049	-81.9051
86300	0.59049	-76.6482
86400	0.59049	-79.0617
86500	0.59049	-89.469
86600	0.59049	-85.0972
86700	0.59049	-90.531
86800	0.59049	-81.2275
86900	0.59049	-84.8875
87000	0.59049	-86.4634
87100	0.59049	-79.5625
87200	0.59049	-82.5214
87300	0.59049	-76.8492
87400	0.59049	-74.1808
87500	0.59049	-82.5731
87600	0.59049	-89.0541
87700	0.59049	-81.971
87800	0.59049	-95.7871
87900	0.59049	-88.5104
88000	0.59049	-94.1271
88100	0.59049	-77.944
88200	0.59049	-83.7162
88300	0.59049	-78.0244
88400	0.59049	-81.776
88500	0.59049	-82.236
88600	0.59049	-83.2611
88700	0.59049	-82.9856
88800	0.59049	-90.9717
88900	0.59049	-82.683
89000	0.59049	-88.8861
89100	0.59049	-82.7048
89200	0.59049	-89.0674
89300	0.59049	-80.0186
89400	0.59049	-83.4773
89500	0.59049	-77.92
89600	0.59049	-83.1562
89700	0.59049	-79.2688
89800	0.59049	-79.5285
89900	0.59049	-81.4313
90000	0.59049	-82.9389
90100	0.59049	-82.3203
90200	0.59049	-92.8896
90300	0.59049	-83.1349
90400	0.59049	-86.565
90500	0.59049	-79.3239
90600	0.59049	-83.5248
90700	0.59049	-84.1873
90800	0.59049	-93.4387
90900	0.59049	-91.2803
91000	0.59049	-80.0446
91100	0.59049	-84.5169
91200	0.59049	-78.8091
91300	0.59049	-83.7593
91400	0.59049	-86.34
91500	0.59049	-87.5929
91600	0.59049	-86.8208
91700	0.59049	-85.4419
91800	0.59049	-78.9774
91900	0.59049	-83.4803
92000	0.59049	-88.8143
92100	0.59049	-77.0661
92200	0.59049	-90.7017
92300	0.59049	-95.242
92400	0.59049	-78.8888
92500	0.59049	-82.892
92600	0.59049	-93.0927
92700	0.59049	-77.3225
92800	0.59049	-85.7321
92900	0.59049	-87.3529
93000	0.59049	-86.6844
93100	0.59049	-78.9068
93200	0.59049	-80.5308
93300	0.59049	-81.3937
93400	0.59049	-79.4808
93500	0.59049	-87.534
93600	0.59049	-87.0215
93700	0.59049	-91.6411
93800	0.59049	-89.5446
93900	0.59049	-84.734
94000	0.59049	-83.9872
94100	0.59049	-82.2605
94200	0.59049	-83.1929
94300	0.59049	-94.4899
94400	0.59049	-86.9229
94500	0.59049	-80.2234
94600	0.59049	-84.5681
94700	0.59049	-83.2895
94800	0.59049	-91.784
94900	0.59049	-81.4748
95000	0.59049	-87.4235
95100	0.59049	-87.4866
95200	0.59049	-91.508
95300	0.59049	-90.2362
95400	0.59049	-74.9367
95500	0.59049	-87.4591
95600	0.59049	-79.2089
95700	0.59049	-86.7596
95800	0.59049	-86.0332
95900	0.59049	-78.8556
96000	0.59049	-75.6202
96100	0.59049	-86.8545
96200	0.59049	-92.819
96300	0.59049	-82.5738
96400	0.59049	-87.0652
96500	0.59049	-89.9088
96600	0.59049	-83.1259
96700	0.59049	-81.9444
96800	0.59049	-86.1309
96900	0.59049	-87.458
97000	0.59049	-86.4436
97100	0.59049	-86.038
97200	0.59049	-78.2588
97300	0.59049	-87.0567
97400	0.59049	-80.4053
97500	0.59049	-95.0276
97600	0.59049	-80.7533
97700	0.59049	-81.05
97800	0.59049	-80.0417
97900	0.59049	-88.514
98000	0.59049	-88.2716
98100	0.59049	-83.8817
98200	0.59049	-76.5762
98300	0.59049	-81.5735
98400	0.59049	-82.7869
98500	0.59049	-80.9511
98600	0.59049	-84.3909
98700	0.59049	-83.7524
98800	0.59049	-81.1757
98900	0.59049	-83.2545
99000	0.59049	-83.4646
99100	0.59049	-86.0157
99200	0.59049	-85.0422
99300	0.59049	-80.5517
99400	0.59049	-84.2281
99500	0.59049	-86.172
99600	0.59049	-91.1895
99700	0.59049	-82.4573
99800	0.59049	-77.5042
99900	0.59049	-81.933
100000	0.59049	-88.3876
